secondsElapsed,wristMotion_rotationRateX,wristMotion_rotationRateY,wristMotion_rotationRateZ,wristMotion_gravityX,wristMotion_gravityY,wristMotion_gravityZ,wristMotion_accelerationX,wristMotion_accelerationY,wristMotion_accelerationZ,wristMotion_quaternionW,wristMotion_quaternionX,wristMotion_quaternionY,wristMotion_quaternionZ,weight,set,reps,activity,activityEncoded,label
0.0,,,,,,,,,,,,,,83.0,3.0,4.0,APULL,28,Idle
0.01,,,,,,,,,,,,,,83.0,3.0,4.0,APULL,28,Idle
0.02,,,,,,,,,,,,,,83.0,3.0,4.0,APULL,28,Idle
0.03,,,,,,,,,,,,,,83.0,3.0,4.0,APULL,28,Idle
0.04,,,,,,,,,,,,,,83.0,3.0,4.0,APULL,28,Idle
0.05,,,,,,,,,,,,,,83.0,3.0,4.0,APULL,28,Idle
0.06,,,,,,,,,,,,,,83.0,3.0,4.0,APULL,28,Idle
0.07,,,,,,,,,,,,,,83.0,3.0,4.0,APULL,28,Idle
0.08,,,,,,,,,,,,,,83.0,3.0,4.0,APULL,28,Idle
0.09,,,,,,,,,,,,,,83.0,3.0,4.0,APULL,28,Idle
0.1,,,,,,,,,,,,,,83.0,3.0,4.0,APULL,28,Idle
0.11,,,,,,,,,,,,,,83.0,3.0,4.0,APULL,28,Idle
0.12,,,,,,,,,,,,,,83.0,3.0,4.0,APULL,28,Idle
0.13,,,,,,,,,,,,,,83.0,3.0,4.0,APULL,28,Idle
0.14,,,,,,,,,,,,,,83.0,3.0,4.0,APULL,28,Idle
0.15,-0.040262,0.023865,0.044715,0.142142,0.104748,-0.984288,-0.00405,0.016742,0.00353,0.996064,-0.052581,0.071352,0.0,83.0,3.0,4.0,APULL,28,Idle
0.16,-0.025593,0.02381,0.016057,0.142408,0.10503,-0.98422,-0.006056,0.026134,0.006391,0.996047,-0.052735,0.071478,0.000158,83.0,3.0,4.0,APULL,28,Idle
0.17,-0.00781,0.026282,0.001788,0.142673,0.105193,-0.984164,-0.004642,0.022187,0.007251,0.996033,-0.05282,0.07161,0.000193,83.0,3.0,4.0,APULL,28,Idle
0.18,-0.007503,0.02926,0.003248,0.14296,0.105249,-0.984116,-0.003937,0.016928,0.004197,0.996021,-0.052849,0.071755,0.000196,83.0,3.0,4.0,APULL,28,Idle
0.19,-0.032355,0.025143,-0.003089,0.143229,0.10544,-0.984057,-0.001033,0.010893,0.007799,0.996006,-0.052946,0.071891,0.000193,83.0,3.0,4.0,APULL,28,Idle
0.2,-0.05704,0.025184,-0.001622,0.143485,0.10589,-0.983971,-0.000617,-0.001596,0.007867,0.995985,-0.053172,0.072021,0.000194,83.0,3.0,4.0,APULL,28,Idle
0.21,-0.090343,0.022931,0.012878,0.143732,0.106609,-0.983858,0.001059,-0.012126,0.006822,0.995956,-0.053538,0.072145,0.000243,83.0,3.0,4.0,APULL,28,Idle
0.22,-0.112266,0.025544,0.029485,0.143994,0.107598,-0.983712,-0.001354,-0.015496,0.005654,0.99592,-0.054048,0.072271,0.000387,83.0,3.0,4.0,APULL,28,Idle
0.23,-0.111978,0.024997,0.039334,0.144287,0.108668,-0.983551,-0.001892,-0.006999,0.004333,0.995879,-0.054602,0.072409,0.000593,83.0,3.0,4.0,APULL,28,Idle
0.24,-0.093776,0.026242,0.048398,0.144592,0.109623,-0.9834,0.000184,0.005367,0.005953,0.995841,-0.055102,0.072551,0.000839,83.0,3.0,4.0,APULL,28,Idle
0.25,-0.070447,0.035576,0.061304,0.144949,0.110357,-0.983265,0.000345,0.017969,0.005299,0.995807,-0.055493,0.072717,0.001123,83.0,3.0,4.0,APULL,28,Idle
0.26,-0.043208,0.037734,0.069326,0.1454,0.11083,-0.983146,0.001298,0.02598,0.008552,0.995776,-0.055757,0.072927,0.001462,83.0,3.0,4.0,APULL,28,Idle
0.27,-0.032001,0.036497,0.071831,0.145857,0.111091,-0.983049,0.001024,0.01841,0.008119,0.995751,-0.055916,0.073137,0.00182,83.0,3.0,4.0,APULL,28,Idle
0.28,-0.031664,0.036865,0.06326,0.146298,0.111296,-0.98296,0.001789,0.002581,0.006977,0.995729,-0.056045,0.073341,0.002158,83.0,3.0,4.0,APULL,28,Idle
0.29,-0.044126,0.026284,0.06314,0.146681,0.111592,-0.982869,-7.5e-05,-0.007924,0.006856,0.995705,-0.05622,0.073517,0.00248,83.0,3.0,4.0,APULL,28,Idle
0.3,-0.061032,0.02041,0.060721,0.143624,0.093468,-0.985209,0.002433,0.005195,0.008585,0.99629,-0.047153,0.071919,0.003392,83.0,3.0,4.0,APULL,28,Idle
0.31,-0.075576,0.021144,0.056964,0.143602,0.098228,-0.984749,0.001601,-0.004188,0.006584,0.996174,-0.049558,0.0719,0.003545,83.0,3.0,4.0,APULL,28,Idle
0.32,-0.09118,0.018756,0.052645,0.144471,0.104604,-0.983965,0.003631,-0.011449,0.006868,0.995976,-0.052779,0.072333,0.00366,83.0,3.0,4.0,APULL,28,Idle
0.33,-0.096426,0.025027,0.051919,0.14506,0.111346,-0.983138,0.000875,-0.011507,0.008483,0.995769,-0.056181,0.072628,0.003728,83.0,3.0,4.0,APULL,28,Idle
0.34,-0.080701,0.03585,0.056242,0.145886,0.11731,-0.982322,0.000751,-0.00615,0.013312,0.995563,-0.059198,0.073039,0.003844,83.0,3.0,4.0,APULL,28,Idle
0.35,-0.056993,0.046191,0.055734,0.146643,0.120018,-0.981882,0.001184,0.007317,0.012842,0.995452,-0.060583,0.073409,0.004065,83.0,3.0,4.0,APULL,28,Idle
0.36,-0.028087,0.045169,0.066305,0.147499,0.119526,-0.981813,0.000176,0.013774,0.015978,0.995433,-0.060365,0.07382,0.004413,83.0,3.0,4.0,APULL,28,Idle
0.37,-0.012737,0.045111,0.078244,0.148036,0.117703,-0.981953,0.001225,0.007114,0.013066,0.995466,-0.059479,0.074067,0.00483,83.0,3.0,4.0,APULL,28,Idle
0.38,-0.024823,0.038208,0.085193,0.148405,0.115725,-0.982132,0.007173,-0.023288,0.010651,0.995509,-0.05852,0.074225,0.005313,83.0,3.0,4.0,APULL,28,Idle
0.39,-0.027625,0.034647,0.102532,0.148658,0.113799,-0.982319,0.009271,-0.062758,0.008381,0.995553,-0.057589,0.074323,0.005839,83.0,3.0,4.0,APULL,28,Idle
0.4,-0.073298,0.020647,0.135606,0.149118,0.113197,-0.982319,0.021521,-0.08651,-0.016552,0.995549,-0.057338,0.074518,0.006492,83.0,3.0,4.0,APULL,28,Idle
0.41,-0.130578,-0.014086,0.114522,0.149218,0.113708,-0.982245,0.019544,-0.128524,0.008841,0.995526,-0.057645,0.07453,0.00715,83.0,3.0,4.0,APULL,28,Idle
0.42,-1.093852,0.100878,0.407144,0.149549,0.117349,-0.981766,0.025348,-0.146936,0.016358,0.995397,-0.059568,0.074624,0.008297,83.0,3.0,4.0,APULL,28,Idle
0.43,-1.716019,-0.137993,0.359253,0.148883,0.133754,-0.979767,0.12225,-0.314265,0.161759,0.994868,-0.068045,0.07407,0.01105,83.0,3.0,4.0,APULL,28,Idle
0.44,-1.53358,-0.641185,0.516826,0.146806,0.147241,-0.978145,0.026641,-0.368906,0.038982,0.994431,-0.075016,0.072801,0.013434,83.0,3.0,4.0,APULL,28,Idle
0.45,-1.395444,-0.095277,0.568441,0.144665,0.161541,-0.976205,0.135104,0.082951,0.151651,0.993887,-0.082492,0.071361,0.017062,83.0,3.0,4.0,APULL,28,Idle
0.46,-0.669288,0.067705,0.335173,0.145208,0.170622,-0.974578,-0.064001,0.014314,0.13034,0.99343,-0.087286,0.071359,0.019638,83.0,3.0,4.0,APULL,28,Idle
0.47,-0.821795,0.068752,0.409745,0.146535,0.177003,-0.973241,-0.095052,-0.124131,0.114293,0.993052,-0.090685,0.071804,0.021643,83.0,3.0,4.0,APULL,28,Idle
0.48,-1.109932,0.051562,0.576533,0.147972,0.185741,-0.971393,0.000572,-0.23402,0.138507,0.992521,-0.095351,0.072192,0.024474,83.0,3.0,4.0,APULL,28,Idle
0.49,-1.445126,0.013488,0.641967,0.149437,0.197147,-0.968918,0.081123,-0.315632,0.141647,0.991804,-0.101435,0.072472,0.028003,83.0,3.0,4.0,APULL,28,Idle
0.5,-1.827132,-0.05144,0.675606,0.150526,0.21202,-0.965603,0.128374,-0.294051,0.155987,0.99085,-0.109321,0.072439,0.031898,83.0,3.0,4.0,APULL,28,Idle
0.51,-2.075764,-0.106698,0.734917,0.151285,0.229863,-0.961393,0.151175,-0.251592,0.169049,0.989641,-0.118769,0.072095,0.036158,83.0,3.0,4.0,APULL,28,Idle
0.52,-2.233411,-0.147242,0.81519,0.151905,0.249428,-0.956405,0.162685,-0.205711,0.177108,0.988197,-0.12916,0.071521,0.040849,83.0,3.0,4.0,APULL,28,Idle
0.53,-2.303871,-0.197073,0.886301,0.15247,0.269831,-0.95076,0.174022,-0.156153,0.178345,0.986542,-0.140054,0.070745,0.045996,83.0,3.0,4.0,APULL,28,Idle
0.54,-2.329755,-0.252659,0.934747,0.152911,0.290469,-0.944588,0.18472,-0.111804,0.177315,0.984705,-0.151137,0.069742,0.051482,83.0,3.0,4.0,APULL,28,Idle
0.55,-2.317913,-0.313717,0.97613,0.153126,0.310927,-0.938017,0.18916,-0.077575,0.175673,0.982718,-0.162184,0.068467,0.057212,83.0,3.0,4.0,APULL,28,Idle
0.56,-2.284823,-0.374863,1.018365,0.153107,0.33097,-0.931138,0.188735,-0.052909,0.173829,0.9806,-0.173071,0.066915,0.063191,83.0,3.0,4.0,APULL,28,Idle
0.57,-2.238833,-0.438555,1.069847,0.152906,0.35039,-0.924038,0.186541,-0.035205,0.176861,0.978366,-0.183689,0.065109,0.069424,83.0,3.0,4.0,APULL,28,Idle
0.58,-2.171765,-0.498153,1.129222,0.152548,0.369032,-0.916812,0.186472,-0.021178,0.173434,0.97603,-0.193955,0.063052,0.075965,83.0,3.0,4.0,APULL,28,Idle
0.59,-2.128438,-0.528022,1.200377,0.152257,0.386928,-0.909453,0.198284,-0.016491,0.174193,0.973584,-0.20389,0.060848,0.082828,83.0,3.0,4.0,APULL,28,Idle
0.6,-2.144822,-0.553706,1.280066,0.152264,0.40438,-0.901827,0.21645,-0.031562,0.182925,0.970979,-0.213668,0.058586,0.090073,83.0,3.0,4.0,APULL,28,Idle
0.61,-2.227046,-0.606266,1.349179,0.152486,0.421977,-0.893691,0.231181,-0.061961,0.172164,0.968141,-0.223603,0.056182,0.097721,83.0,3.0,4.0,APULL,28,Idle
0.62,-2.391123,-0.683029,1.411231,0.152734,0.440408,-0.884711,0.226889,-0.094247,0.157095,0.964968,-0.234061,0.053479,0.105789,83.0,3.0,4.0,APULL,28,Idle
0.63,-2.583294,-0.767018,1.472143,0.152851,0.460122,-0.874599,0.212734,-0.109017,0.13615,0.961376,-0.245287,0.050342,0.114264,83.0,3.0,4.0,APULL,28,Idle
0.64,-2.793745,-0.85653,1.522811,0.152861,0.481233,-0.863162,0.20508,-0.09102,0.10303,0.957296,-0.257362,0.046732,0.123149,83.0,3.0,4.0,APULL,28,Idle
0.65,-2.988439,-0.945889,1.554891,0.152726,0.503708,-0.850266,0.211669,-0.047959,0.072373,0.95269,-0.27028,0.042608,0.132347,83.0,3.0,4.0,APULL,28,Idle
0.66,-3.152261,-1.031864,1.572651,0.152485,0.527262,-0.835909,0.222835,-0.006464,0.044588,0.947549,-0.283907,0.037978,0.141793,83.0,3.0,4.0,APULL,28,Idle
0.67,-3.282293,-1.121508,1.589226,0.152092,0.551562,-0.820151,0.227104,0.037076,0.026099,0.941887,-0.298072,0.032824,0.151406,83.0,3.0,4.0,APULL,28,Idle
0.68,-3.369243,-1.211036,1.597892,0.151618,0.576194,-0.803127,0.214333,0.07467,0.003261,0.935726,-0.312567,0.027175,0.161183,83.0,3.0,4.0,APULL,28,Idle
0.69,-3.409026,-1.30404,1.590232,0.151017,0.600771,-0.785027,0.192352,0.112455,-0.00846,0.929113,-0.327176,0.021032,0.171061,83.0,3.0,4.0,APULL,28,Idle
0.7,-3.400424,-1.390764,1.564189,0.150221,0.624878,-0.766134,0.168916,0.151474,-0.024088,0.922133,-0.341651,0.014416,0.180936,83.0,3.0,4.0,APULL,28,Idle
0.71,-3.348909,-1.448208,1.551696,0.149409,0.648126,-0.746733,0.146901,0.174582,-0.034654,0.914865,-0.355778,0.007473,0.190758,83.0,3.0,4.0,APULL,28,Idle
0.72,-3.266995,-1.512291,1.543586,0.148699,0.670242,-0.727093,0.123578,0.184006,-0.041095,0.907368,-0.369396,0.000285,0.200575,83.0,3.0,4.0,APULL,28,Idle
0.73,-3.176639,-1.57763,1.521481,0.148056,0.691097,-0.707436,0.103272,0.196751,-0.042824,0.8997,-0.382402,-0.007135,0.210374,83.0,3.0,4.0,APULL,28,Idle
0.74,-3.0874,-1.658355,1.478216,0.147305,0.710767,-0.687831,0.088428,0.216418,-0.049138,0.891895,-0.394796,-0.014843,0.220089,83.0,3.0,4.0,APULL,28,Idle
0.75,-2.978268,-1.755985,1.409328,0.146126,0.729263,-0.668448,0.078575,0.245942,-0.059655,0.884015,-0.406508,-0.022957,0.229656,83.0,3.0,4.0,APULL,28,Idle
0.76,-2.854979,-1.846294,1.336399,0.144379,0.746521,-0.649509,0.075332,0.284302,-0.07092,0.876139,-0.417437,-0.031491,0.23903,83.0,3.0,4.0,APULL,28,Idle
0.77,-2.722029,-1.913379,1.276556,0.142179,0.762531,-0.631135,0.064821,0.318097,-0.087401,0.868309,-0.427556,-0.040346,0.248207,83.0,3.0,4.0,APULL,28,Idle
0.78,-2.571184,-1.967282,1.200856,0.139659,0.777278,-0.613461,0.041783,0.338338,-0.097629,0.860572,-0.436839,-0.049409,0.257188,83.0,3.0,4.0,APULL,28,Idle
0.79,-2.417112,-2.000416,1.108876,0.136711,0.790801,-0.59661,0.013924,0.338837,-0.09858,0.853008,-0.445259,-0.058643,0.265863,83.0,3.0,4.0,APULL,28,Idle
0.8,-2.268924,-2.034751,1.006641,0.133292,0.803193,-0.580615,-0.015494,0.321288,-0.096738,0.84566,-0.452844,-0.068005,0.274167,83.0,3.0,4.0,APULL,28,Idle
0.81,-2.131753,-2.061428,0.879078,0.12917,0.814575,-0.565494,-0.040775,0.303086,-0.09361,0.838573,-0.459606,-0.077559,0.282033,83.0,3.0,4.0,APULL,28,Idle
0.82,-2.03467,-2.05565,0.740539,0.124299,0.825196,-0.550999,-0.055925,0.292601,-0.091014,0.831736,-0.465706,-0.087281,0.289334,83.0,3.0,4.0,APULL,28,Idle
0.83,-1.939818,-2.034159,0.6235,0.118809,0.835195,-0.536967,-0.073384,0.26594,-0.087255,0.825131,-0.471265,-0.097089,0.296045,83.0,3.0,4.0,APULL,28,Idle
0.84,-1.875469,-1.988668,0.50949,0.112888,0.844659,-0.523267,-0.092929,0.232673,-0.076602,0.818732,-0.476385,-0.106884,0.302178,83.0,3.0,4.0,APULL,28,Idle
0.85,-1.816577,-1.959588,0.376942,0.106437,0.853715,-0.509747,-0.116386,0.205749,-0.072421,0.812526,-0.48115,-0.116708,0.307694,83.0,3.0,4.0,APULL,28,Idle
0.86,-1.740477,-1.916933,0.233494,0.099287,0.862371,-0.496446,-0.139097,0.190013,-0.076643,0.806561,-0.485541,-0.126597,0.312542,83.0,3.0,4.0,APULL,28,Idle
0.87,-1.578681,-1.881918,0.084569,0.091328,0.870375,-0.483846,-0.163991,0.183382,-0.080302,0.800996,-0.489333,-0.136493,0.316746,83.0,3.0,4.0,APULL,28,Idle
0.88,-1.385656,-1.81478,-0.051059,0.082607,0.877475,-0.472455,-0.185299,0.200421,-0.087527,0.796011,-0.492333,-0.14622,0.320304,83.0,3.0,4.0,APULL,28,Idle
0.89,-1.163839,-1.710917,-0.166227,0.07337,0.883547,-0.462559,-0.204122,0.221815,-0.094951,0.791701,-0.494491,-0.155562,0.323248,83.0,3.0,4.0,APULL,28,Idle
0.9,-0.916313,-1.618226,-0.26884,0.063788,0.888492,-0.454437,-0.219976,0.234372,-0.105575,0.788132,-0.49574,-0.164386,0.325679,83.0,3.0,4.0,APULL,28,Idle
0.91,-0.648703,-1.533887,-0.37202,0.053795,0.89223,-0.448366,-0.228676,0.24252,-0.118376,0.785378,-0.495983,-0.172679,0.327664,83.0,3.0,4.0,APULL,28,Idle
0.92,-0.389224,-1.445278,-0.471142,0.043365,0.894765,-0.444427,-0.22641,0.2447,-0.140946,0.783461,-0.495208,-0.180432,0.329244,83.0,3.0,4.0,APULL,28,Idle
0.93,-0.153434,-1.360354,-0.558381,0.032508,0.896153,-0.442554,-0.220084,0.241436,-0.148511,0.782353,-0.493465,-0.187657,0.330455,83.0,3.0,4.0,APULL,28,Idle
0.94,0.031587,-1.269205,-0.644718,0.021306,0.896566,-0.442398,-0.213598,0.234385,-0.146926,0.781955,-0.490941,-0.194366,0.33128,83.0,3.0,4.0,APULL,28,Idle
0.95,0.1702,-1.195146,-0.742455,0.009625,0.89621,-0.443525,-0.204236,0.226135,-0.145113,0.782141,-0.487803,-0.200714,0.331689,83.0,3.0,4.0,APULL,28,Idle
0.96,0.290009,-1.104192,-0.837713,-0.002589,0.895194,-0.445668,-0.187261,0.213418,-0.139094,0.782852,-0.484168,-0.206755,0.331629,83.0,3.0,4.0,APULL,28,Idle
0.97,0.379445,-1.019847,-0.915072,-0.015213,0.893621,-0.448565,-0.164765,0.196284,-0.121976,0.784,-0.480173,-0.212489,0.331099,83.0,3.0,4.0,APULL,28,Idle
0.98,0.456424,-0.933479,-0.979314,-0.028101,0.891525,-0.452099,-0.134482,0.17807,-0.108936,0.785519,-0.475885,-0.217909,0.330166,83.0,3.0,4.0,APULL,28,Idle
0.99,0.501402,-0.82048,-1.052416,-0.041148,0.888974,-0.456105,-0.105809,0.16759,-0.085613,0.787374,-0.471413,-0.222975,0.328779,83.0,3.0,4.0,APULL,28,Idle
1.0,0.513646,-0.710446,-1.125029,-0.054339,0.886105,-0.460287,-0.086255,0.159442,-0.057306,0.789498,-0.466906,-0.227718,0.32686,83.0,3.0,4.0,APULL,28,Idle
1.01,0.501318,-0.571776,-1.19594,-0.067597,0.883048,-0.46439,-0.073943,0.157968,-0.035641,0.79183,-0.462513,-0.232136,0.324345,83.0,3.0,4.0,APULL,28,Idle
1.02,0.486219,-0.405183,-1.254291,-0.080717,0.879838,-0.46837,-0.078951,0.155822,-0.007109,0.794376,-0.45833,-0.236112,0.321172,83.0,3.0,4.0,APULL,28,Idle
1.03,0.492379,-0.23082,-1.305305,-0.093488,0.876416,-0.472393,-0.092837,0.148777,0.00169,0.797164,-0.454346,-0.239527,0.317375,83.0,3.0,4.0,APULL,28,Idle
1.04,0.539962,-0.049955,-1.345292,-0.105755,0.872654,-0.476751,-0.099262,0.145168,-0.008723,0.800248,-0.450473,-0.242278,0.313016,83.0,3.0,4.0,APULL,28,Idle
1.05,0.616974,0.134386,-1.384611,-0.117461,0.868339,-0.481862,-0.099199,0.14512,-0.022334,0.803727,-0.446541,-0.244275,0.308146,83.0,3.0,4.0,APULL,28,Idle
1.06,0.685547,0.329521,-1.418628,-0.128498,0.863448,-0.487798,-0.090847,0.159395,-0.02711,0.807607,-0.442548,-0.245464,0.302769,83.0,3.0,4.0,APULL,28,Idle
1.07,0.750213,0.522822,-1.448642,-0.138795,0.857978,-0.49458,-0.079817,0.165658,-0.015643,0.811875,-0.438493,-0.245833,0.2969,83.0,3.0,4.0,APULL,28,Idle
1.08,0.784296,0.719948,-1.470436,-0.148178,0.852048,-0.502054,-0.072007,0.166232,-0.003165,0.816461,-0.434479,-0.24536,0.29055,83.0,3.0,4.0,APULL,28,Idle
1.09,0.824036,0.919761,-1.471185,-0.156536,0.845717,-0.510156,-0.063999,0.150758,0.00506,0.821328,-0.43055,-0.244025,0.283723,83.0,3.0,4.0,APULL,28,Idle
1.1,0.854442,1.115917,-1.456673,-0.16365,0.839022,-0.518904,-0.061387,0.123136,0.023909,0.826434,-0.426719,-0.241783,0.276512,83.0,3.0,4.0,APULL,28,Idle
1.11,0.879644,1.334742,-1.427148,-0.169332,0.832055,-0.528216,-0.059138,0.100105,0.045488,0.831732,-0.423046,-0.238588,0.268942,83.0,3.0,4.0,APULL,28,Idle
1.12,0.890695,1.568514,-1.366768,-0.173209,0.824909,-0.538074,-0.066552,0.070034,0.079975,0.837185,-0.419604,-0.234298,0.261072,83.0,3.0,4.0,APULL,28,Idle
1.13,0.843975,1.82196,-1.283041,-0.174872,0.817849,-0.548218,-0.075785,0.039481,0.11171,0.842687,-0.416579,-0.228808,0.252959,83.0,3.0,4.0,APULL,28,Idle
1.14,0.769815,2.069574,-1.20291,-0.174226,0.811196,-0.558217,-0.083678,0.020149,0.138112,0.848117,-0.414179,-0.222142,0.244553,83.0,3.0,4.0,APULL,28,Idle
1.15,0.725764,2.308874,-1.110644,-0.171268,0.804995,-0.568024,-0.085247,-0.004519,0.165237,0.853445,-0.412378,-0.21432,0.23589,83.0,3.0,4.0,APULL,28,Idle
1.16,0.737656,2.557847,-0.972928,-0.165695,0.799042,-0.577994,-0.08046,-0.027512,0.165763,0.858715,-0.41097,-0.205198,0.227168,83.0,3.0,4.0,APULL,28,Idle
1.17,0.822181,2.801033,-0.805309,-0.157135,0.793066,-0.588519,-0.066833,-0.033529,0.148501,0.863989,-0.409722,-0.194598,0.218594,83.0,3.0,4.0,APULL,28,Idle
1.18,0.964796,3.016027,-0.633921,-0.145509,0.786667,-0.599985,-0.043563,-0.023483,0.122889,0.869336,-0.408298,-0.182484,0.210351,83.0,3.0,4.0,APULL,28,Idle
1.19,1.192636,3.204134,-0.444756,-0.130861,0.779385,-0.612727,-0.02014,-0.021313,0.112742,0.874828,-0.406341,-0.168888,0.202581,83.0,3.0,4.0,APULL,28,Idle
1.2,1.499957,3.355789,-0.2373,-0.113147,0.770627,-0.627161,-0.001217,-0.04733,0.10673,0.880548,-0.403436,-0.153814,0.195489,83.0,3.0,4.0,APULL,28,Idle
1.21,1.849619,3.470276,-0.013474,-0.092389,0.75984,-0.643512,0.007291,-0.09683,0.107349,0.886527,-0.399225,-0.137343,0.189277,83.0,3.0,4.0,APULL,28,Idle
1.22,2.132112,3.530236,0.230662,-0.068682,0.746864,-0.661421,-0.000684,-0.166282,0.126921,0.892649,-0.393666,-0.119654,0.184085,83.0,3.0,4.0,APULL,28,Idle
1.23,2.370354,3.555079,0.492787,-0.04224,0.731952,-0.680045,-0.027218,-0.264728,0.087028,0.898678,-0.387005,-0.101017,0.180001,83.0,3.0,4.0,APULL,28,Idle
1.24,2.705318,3.518344,0.813562,-0.013075,0.714606,-0.699405,-0.069597,-0.44216,0.051822,0.904583,-0.379016,-0.081512,0.177292,83.0,3.0,4.0,APULL,28,Idle
1.25,3.029728,3.417957,1.183886,0.01863,0.694131,-0.719608,-0.119415,-0.641839,0.041828,0.910334,-0.369373,-0.061319,0.176342,83.0,3.0,4.0,APULL,28,Idle
1.26,3.179055,3.359567,1.551392,0.052757,0.670845,-0.739719,-0.159081,-0.767265,0.014484,0.915671,-0.358462,-0.040568,0.177219,83.0,3.0,4.0,APULL,28,Idle
1.27,3.208241,3.284969,1.848694,0.088933,0.645618,-0.758464,-0.188466,-0.796146,-0.006551,0.920302,-0.346974,-0.019417,0.179656,83.0,3.0,4.0,APULL,28,Idle
1.28,3.265379,3.122005,2.082873,0.12602,0.618666,-0.775482,-0.184141,-0.746061,-0.030213,0.924179,-0.335047,0.001691,0.183399,83.0,3.0,4.0,APULL,28,Idle
1.29,3.453457,2.895444,2.299722,0.162926,0.589176,-0.791408,-0.142297,-0.642414,-0.058614,0.927476,-0.322172,0.022391,0.188396,83.0,3.0,4.0,APULL,28,Idle
1.3,3.834105,2.6109,2.508151,0.198759,0.555633,-0.80732,-0.094343,-0.521957,-0.058524,0.93047,-0.307465,0.042488,0.194642,83.0,3.0,4.0,APULL,28,Idle
1.31,4.207207,2.327779,2.690208,0.232854,0.516984,-0.823715,-0.057027,-0.40442,-0.042633,0.933295,-0.290365,0.061892,0.202035,83.0,3.0,4.0,APULL,28,Idle
1.32,4.363518,2.08082,2.805261,0.264826,0.474167,-0.839662,-0.045801,-0.310883,0.023454,0.935741,-0.271456,0.080502,0.210287,83.0,3.0,4.0,APULL,28,Idle
1.33,4.222689,1.865693,2.84374,0.294326,0.429478,-0.853769,-0.057204,-0.255131,0.081827,0.937494,-0.251978,0.098095,0.219063,83.0,3.0,4.0,APULL,28,Idle
1.34,3.757009,1.68131,2.844258,0.321114,0.385967,-0.864821,-0.094185,-0.259655,0.174635,0.938271,-0.233485,0.114343,0.228163,83.0,3.0,4.0,APULL,28,Idle
1.35,2.835078,1.49656,2.834507,0.345336,0.347241,-0.871876,-0.135436,-0.311733,0.24892,0.937776,-0.217819,0.128907,0.237728,83.0,3.0,4.0,APULL,28,Idle
1.36,1.636005,1.214191,2.749185,0.366315,0.316676,-0.874946,-0.118238,-0.307658,0.179175,0.935936,-0.206528,0.140973,0.247985,83.0,3.0,4.0,APULL,28,Idle
1.37,0.429324,0.766496,2.546356,0.383035,0.297089,-0.874655,-0.022836,-0.20102,0.121588,0.932948,-0.200713,0.149621,0.258721,83.0,3.0,4.0,APULL,28,Idle
1.38,-0.492881,0.183378,2.272828,0.394203,0.287837,-0.872785,0.121224,-0.004023,0.049375,0.929367,-0.199581,0.15419,0.269575,83.0,3.0,4.0,APULL,28,Idle
1.39,-0.957134,-0.556119,1.915925,0.398559,0.285732,-0.871497,0.292496,0.303928,-0.076959,0.925886,-0.201022,0.154407,0.280149,83.0,3.0,4.0,APULL,28,Idle
1.4,-1.007353,-1.370333,1.368066,0.394656,0.287043,-0.872842,0.457639,0.737875,-0.16796,0.923326,-0.202549,0.150177,0.289639,83.0,3.0,4.0,APULL,28,Idle
1.41,-0.866426,-2.173153,0.634154,0.381914,0.291061,-0.877169,0.571852,1.257508,-0.198698,0.922215,-0.203381,0.141603,0.296822,83.0,3.0,4.0,APULL,28,Idle
1.42,-0.609011,-2.65319,0.006029,0.361195,0.296411,-0.884126,0.59521,1.682654,-0.186172,0.922676,-0.202901,0.129493,0.301218,83.0,3.0,4.0,APULL,28,Idle
1.43,-0.310029,-2.821844,-0.288148,0.336268,0.300978,-0.892377,0.496298,1.786546,-0.09006,0.924145,-0.200923,0.115937,0.303554,83.0,3.0,4.0,APULL,28,Idle
1.44,-0.212959,-2.933849,-0.532797,0.309235,0.304463,-0.900931,0.349227,1.629055,-0.018839,0.92608,-0.197893,0.101849,0.304698,83.0,3.0,4.0,APULL,28,Idle
1.45,-0.463479,-3.150671,-0.963758,0.279424,0.3095,-0.908918,0.249003,1.382135,0.052244,0.928328,-0.195073,0.086532,0.304411,83.0,3.0,4.0,APULL,28,Idle
1.46,-0.957735,-3.351678,-1.465232,0.245847,0.319128,-0.915269,0.217883,1.101465,0.138154,0.930764,-0.193875,0.069124,0.30218,83.0,3.0,4.0,APULL,28,Idle
1.47,-1.594273,-3.545918,-1.89292,0.208661,0.334679,-0.91894,0.212863,0.816902,0.232691,0.933079,-0.195146,0.049478,0.29805,83.0,3.0,4.0,APULL,28,Idle
1.48,-2.310414,-3.729621,-2.267465,0.167909,0.356556,-0.919062,0.211424,0.618481,0.287256,0.934934,-0.199281,0.027497,0.292282,83.0,3.0,4.0,APULL,28,Idle
1.49,-3.036863,-3.83961,-2.640996,0.124,0.384785,-0.914639,0.179772,0.536175,0.31535,0.936049,-0.206565,0.003379,0.284838,83.0,3.0,4.0,APULL,28,Idle
1.5,-3.551608,-3.856094,-3.011837,0.077457,0.417897,-0.905187,0.117856,0.532787,0.319463,0.936318,-0.216579,-0.022364,0.275502,83.0,3.0,4.0,APULL,28,Idle
1.51,-3.745077,-3.777049,-3.336626,0.029205,0.45265,-0.89121,0.067276,0.57509,0.302282,0.935843,-0.228068,-0.048784,0.264204,83.0,3.0,4.0,APULL,28,Idle
1.52,-3.61419,-3.63613,-3.616395,-0.019973,0.485527,-0.873993,0.047897,0.633796,0.250565,0.934852,-0.239532,-0.075019,0.251094,83.0,3.0,4.0,APULL,28,Idle
1.53,-3.213067,-3.496074,-3.841488,-0.069547,0.513603,-0.855205,0.055769,0.644692,0.203761,0.933635,-0.249606,-0.100471,0.23649,83.0,3.0,4.0,APULL,28,Idle
1.54,-2.759956,-3.348772,-4.045251,-0.119298,0.535173,-0.836276,0.083806,0.607909,0.181308,0.932424,-0.257409,-0.124909,0.220735,83.0,3.0,4.0,APULL,28,Idle
1.55,-2.42101,-3.168148,-4.217668,-0.168823,0.550667,-0.817475,0.116332,0.530373,0.174729,0.931211,-0.2632,-0.148284,0.203922,83.0,3.0,4.0,APULL,28,Idle
1.56,-2.263809,-2.975469,-4.340681,-0.217538,0.561296,-0.798514,0.156457,0.382262,0.182593,0.929834,-0.267671,-0.170574,0.186187,83.0,3.0,4.0,APULL,28,Idle
1.57,-2.289668,-2.842134,-4.432401,-0.265323,0.568631,-0.778629,0.187885,0.195163,0.227985,0.928017,-0.271683,-0.192026,0.167628,83.0,3.0,4.0,APULL,28,Idle
1.58,-2.486341,-2.7622,-4.500784,-0.31245,0.574044,-0.756868,0.191265,0.009758,0.308687,0.925438,-0.276003,-0.213046,0.148317,83.0,3.0,4.0,APULL,28,Idle
1.59,-2.864254,-2.659542,-4.535685,-0.358821,0.578762,-0.732313,0.151332,-0.123913,0.430127,0.921801,-0.281414,-0.233773,0.128215,83.0,3.0,4.0,APULL,28,Idle
1.6,-3.363884,-2.426562,-4.541278,-0.403613,0.583881,-0.7044,0.073412,-0.190128,0.533395,0.916909,-0.288738,-0.253831,0.107133,83.0,3.0,4.0,APULL,28,Idle
1.61,-3.798978,-1.842435,-4.46722,-0.444993,0.589524,-0.674123,-0.016631,-0.214936,0.641592,0.910961,-0.298213,-0.272043,0.084919,83.0,3.0,4.0,APULL,28,Idle
1.62,-4.171029,-0.999362,-4.325981,-0.480589,0.595498,-0.643752,-0.125383,-0.185753,0.672286,0.904485,-0.309693,-0.28673,0.061507,83.0,3.0,4.0,APULL,28,Idle
1.63,-4.273042,-0.128922,-4.186495,-0.509597,0.601296,-0.61543,-0.212327,-0.099068,0.514982,0.897969,-0.32258,-0.29703,0.036969,83.0,3.0,4.0,APULL,28,Idle
1.64,-3.8996,0.480559,-4.101336,-0.533475,0.604564,-0.591529,-0.243914,-0.017802,0.290321,0.891977,-0.334838,-0.303511,0.011908,83.0,3.0,4.0,APULL,28,Idle
1.65,-3.274625,0.812516,-4.050812,-0.554363,0.603412,-0.573215,-0.234532,0.061352,0.057835,0.886816,-0.344677,-0.307555,-0.012872,83.0,3.0,4.0,APULL,28,Idle
1.66,-2.672755,1.018083,-3.941214,-0.573267,0.597682,-0.560483,-0.197927,0.104619,-0.078937,0.882547,-0.351533,-0.310134,-0.036769,83.0,3.0,4.0,APULL,28,Idle
1.67,-2.322577,1.184735,-3.828051,-0.590289,0.588924,-0.552022,-0.142942,0.116886,-0.130229,0.878888,-0.356213,-0.311611,-0.059721,83.0,3.0,4.0,APULL,28,Idle
1.68,-2.218856,1.371653,-3.687629,-0.605285,0.578885,-0.546371,-0.079331,0.069003,-0.176575,0.875472,-0.359853,-0.311962,-0.082058,83.0,3.0,4.0,APULL,28,Idle
1.69,-2.140486,1.449574,-3.549559,-0.618387,0.568667,-0.542416,7.1e-05,0.011548,-0.272556,0.872018,-0.363151,-0.311309,-0.103887,83.0,3.0,4.0,APULL,28,Idle
1.7,-1.948516,1.398734,-3.389181,-0.630291,0.558087,-0.539697,0.105892,-0.034512,-0.304587,0.868487,-0.365891,-0.310283,-0.124816,83.0,3.0,4.0,APULL,28,Idle
1.71,-1.773972,1.340702,-3.212484,-0.641224,0.54712,-0.538044,0.179432,-0.026475,-0.286892,0.864948,-0.367937,-0.309193,-0.144525,83.0,3.0,4.0,APULL,28,Idle
1.72,-1.653204,1.341608,-3.116939,-0.651177,0.535945,-0.537338,0.187874,0.047841,-0.233826,0.861399,-0.369462,-0.307943,-0.163283,83.0,3.0,4.0,APULL,28,Idle
1.73,-1.528775,1.42356,-3.096506,-0.660299,0.524131,-0.537859,0.167913,0.110086,-0.148008,0.857866,-0.370369,-0.306426,-0.181648,83.0,3.0,4.0,APULL,28,Idle
1.74,-1.412657,1.574567,-3.046619,-0.668235,0.511605,-0.540114,0.168601,0.098152,-0.102678,0.854463,-0.370563,-0.304345,-0.199874,83.0,3.0,4.0,APULL,28,Idle
1.75,-1.304089,1.704669,-2.880653,-0.6744,0.499008,-0.54422,0.224693,0.024598,-0.091827,0.851311,-0.370159,-0.30145,-0.21767,83.0,3.0,4.0,APULL,28,Idle
1.76,-1.266882,1.762699,-2.655309,-0.678601,0.487247,-0.549628,0.31654,-0.03548,-0.081765,0.848402,-0.369488,-0.297766,-0.234582,83.0,3.0,4.0,APULL,28,Idle
1.77,-1.37573,1.794071,-2.488396,-0.681201,0.477092,-0.555291,0.407809,0.00359,-0.189536,0.845455,-0.369152,-0.293396,-0.250703,83.0,3.0,4.0,APULL,28,Idle
1.78,-1.313649,1.807093,-2.388116,-0.682724,0.468092,-0.56105,0.496659,0.064699,-0.31012,0.842376,-0.369068,-0.288554,-0.266323,83.0,3.0,4.0,APULL,28,Idle
1.79,-1.077608,1.753044,-2.256801,-0.683509,0.458944,-0.567614,0.56095,0.039835,-0.348554,0.839507,-0.368357,-0.283736,-0.28113,83.0,3.0,4.0,APULL,28,Idle
1.8,-0.915958,1.717734,-2.058512,-0.683498,0.449802,-0.574898,0.582409,-0.017216,-0.306052,0.83699,-0.366985,-0.279057,-0.294784,83.0,3.0,4.0,APULL,28,Idle
1.81,-0.849577,1.717591,-1.828629,-0.682294,0.441635,-0.582609,0.559873,-0.09906,-0.2549,0.834797,-0.365427,-0.274151,-0.307276,83.0,3.0,4.0,APULL,28,Idle
1.82,-0.891468,1.693214,-1.657033,-0.679944,0.434873,-0.590391,0.509931,-0.1676,-0.166476,0.832789,-0.36403,-0.268862,-0.318838,83.0,3.0,4.0,APULL,28,Idle
1.83,-0.918436,1.596602,-1.545851,-0.677139,0.429458,-0.597535,0.440537,-0.181823,-0.085784,0.830701,-0.363062,-0.263473,-0.329702,83.0,3.0,4.0,APULL,28,Idle
1.84,-0.730546,1.537387,-1.433331,-0.674227,0.424554,-0.604294,0.384661,-0.129311,-0.012603,0.82864,-0.362117,-0.25831,-0.339856,83.0,3.0,4.0,APULL,28,Idle
1.85,-0.085118,1.439965,-1.164259,-0.670851,0.418224,-0.612411,0.365019,-0.093929,0.011687,0.827502,-0.359628,-0.253895,-0.348492,83.0,3.0,4.0,APULL,28,Idle
1.86,0.0265,1.419419,-0.787603,-0.666275,0.411663,-0.621781,0.433288,-0.017361,-0.175384,0.827543,-0.355925,-0.249854,-0.355053,83.0,3.0,4.0,APULL,28,Idle
1.87,-0.272049,1.311988,-0.508414,-0.66063,0.408284,-0.629978,0.522416,0.074321,-0.529339,0.827773,-0.353354,-0.245259,-0.360251,83.0,3.0,4.0,APULL,28,Idle
1.88,-0.489474,1.054422,-0.426252,-0.655252,0.407877,-0.635831,0.534449,-0.076639,-0.678317,0.827608,-0.352426,-0.240584,-0.364664,83.0,3.0,4.0,APULL,28,Idle
1.89,-0.839315,0.765294,-0.482208,-0.651465,0.409133,-0.638909,0.491141,-0.189162,-0.699485,0.82665,-0.353009,-0.236496,-0.368923,83.0,3.0,4.0,APULL,28,Idle
1.9,-1.281509,0.449474,-0.476565,-0.64976,0.412891,-0.638226,0.424769,-0.146214,-0.705188,0.824505,-0.355839,-0.23295,-0.373235,83.0,3.0,4.0,APULL,28,Idle
1.91,-1.32276,0.164535,-0.471709,-0.649903,0.418266,-0.634571,0.348953,-0.092033,-0.654446,0.821565,-0.360222,-0.230119,-0.377249,83.0,3.0,4.0,APULL,28,Idle
1.92,-1.26806,0.003115,-0.4242,-0.651388,0.423588,-0.629498,0.255789,-0.012119,-0.437855,0.818408,-0.364942,-0.228186,-0.380732,83.0,3.0,4.0,APULL,28,Idle
1.93,-1.030856,0.049936,-0.365638,-0.653005,0.428336,-0.624591,0.143773,0.133585,-0.253263,0.815535,-0.369236,-0.226649,-0.383664,83.0,3.0,4.0,APULL,28,Idle
1.94,-0.910668,0.218388,-0.363725,-0.653791,0.431845,-0.621343,0.049955,0.247339,-0.098643,0.813228,-0.372429,-0.225,-0.386434,83.0,3.0,4.0,APULL,28,Idle
1.95,-1.286571,0.352789,-0.456119,-0.653702,0.43591,-0.618592,0.019043,0.286395,0.005509,0.810763,-0.375787,-0.222459,-0.38982,83.0,3.0,4.0,APULL,28,Idle
1.96,-2.031624,0.373417,-0.607939,-0.653774,0.442429,-0.61387,0.048671,0.177719,0.155328,0.807058,-0.38104,-0.218801,-0.394452,83.0,3.0,4.0,APULL,28,Idle
1.97,-3.315374,0.531729,-0.728079,-0.653982,0.454455,-0.604796,0.058858,-0.077227,0.243346,0.80105,-0.390217,-0.212913,-0.400896,83.0,3.0,4.0,APULL,28,Idle
1.98,-5.353258,0.571352,-1.045949,-0.654675,0.474162,-0.588703,0.032437,-0.240138,0.144001,0.791431,-0.405107,-0.203806,-0.409865,83.0,3.0,4.0,APULL,28,Idle
1.99,-7.373946,0.506882,-1.34755,-0.657725,0.503371,-0.560371,0.082469,-0.075651,0.338203,0.775858,-0.428243,-0.190847,-0.422173,83.0,3.0,4.0,APULL,28,Idle
2.0,-7.40959,0.667669,-1.150345,-0.661157,0.53588,-0.525076,0.121133,0.093439,0.223745,0.757051,-0.454688,-0.175275,-0.435214,83.0,3.0,4.0,APULL,28,Idle
2.01,-6.079484,0.682153,-0.944993,-0.663431,0.563865,-0.491849,0.092661,0.464058,-0.098086,0.739385,-0.477957,-0.160101,-0.446357,83.0,3.0,4.0,APULL,28,Idle
2.02,-3.412058,0.338235,-1.053418,-0.66653,0.580688,-0.46748,0.13493,0.845825,-0.369144,0.725747,-0.493846,-0.149586,-0.455008,83.0,3.0,4.0,APULL,28,Idle
2.03,0.164152,-0.068687,-1.147344,-0.672508,0.580706,-0.458817,0.216698,0.941526,-0.618636,0.719257,-0.498609,-0.148257,-0.460519,83.0,3.0,4.0,APULL,28,Idle
2.04,2.527447,-0.144206,-0.798252,-0.678818,0.567222,-0.466333,0.298935,0.682336,-0.480368,0.720462,-0.492902,-0.154537,-0.46271,83.0,3.0,4.0,APULL,28,Idle
2.05,3.470529,-0.174499,-0.251093,-0.682533,0.549122,-0.482301,0.388633,0.172192,-0.193419,0.726592,-0.481784,-0.163506,-0.461752,83.0,3.0,4.0,APULL,28,Idle
2.06,3.370924,-0.222463,0.264343,-0.683425,0.532047,-0.499857,0.457015,-0.382267,0.122705,0.734752,-0.469483,-0.172213,-0.458331,83.0,3.0,4.0,APULL,28,Idle
2.07,2.415415,-0.20545,0.834343,-0.681705,0.520876,-0.513777,0.482577,-0.965777,0.363432,0.742632,-0.459622,-0.178492,-0.453196,83.0,3.0,4.0,APULL,28,Idle
2.08,0.745396,0.000436,1.489601,-0.676069,0.520532,-0.521514,0.490553,-1.52543,0.436538,0.748895,-0.45488,-0.179798,-0.447117,83.0,3.0,4.0,APULL,28,Idle
2.09,-1.270228,0.032518,1.971228,-0.666637,0.533668,-0.520378,0.551373,-1.778221,0.259284,0.752237,-0.457332,-0.175097,-0.440827,83.0,3.0,4.0,APULL,28,Idle
2.1,-3.106374,-0.148453,2.200817,-0.655451,0.558982,-0.507861,0.712717,-1.520256,0.128177,0.751635,-0.467605,-0.165574,-0.434713,83.0,3.0,4.0,APULL,28,Idle
2.11,-4.115273,-0.329107,2.454089,-0.643254,0.592336,-0.485142,0.870122,-0.952367,0.140858,0.747713,-0.483755,-0.153004,-0.428365,83.0,3.0,4.0,APULL,28,Idle
2.12,-4.021172,-0.511554,2.765871,-0.629242,0.628556,-0.457133,0.952698,-0.423234,0.136073,0.742733,-0.502024,-0.139301,-0.420612,83.0,3.0,4.0,APULL,28,Idle
2.13,-2.908213,-0.757924,2.933244,-0.613528,0.661966,-0.430562,0.997913,0.063711,0.16361,0.739322,-0.518251,-0.127025,-0.410713,83.0,3.0,4.0,APULL,28,Idle
2.14,-1.452242,-0.971998,2.930558,-0.597297,0.688995,-0.410514,0.989799,0.559296,0.196312,0.739013,-0.529902,-0.118094,-0.398895,83.0,3.0,4.0,APULL,28,Idle
2.15,0.099769,-1.09552,2.943883,-0.580996,0.709043,-0.399628,0.876376,0.889804,0.177292,0.742349,-0.536159,-0.112782,-0.385658,83.0,3.0,4.0,APULL,28,Idle
2.16,1.560142,-1.063409,3.116935,-0.563649,0.722968,-0.399521,0.672658,0.878106,0.093399,0.749761,-0.53672,-0.110324,-0.370971,83.0,3.0,4.0,APULL,28,Idle
2.17,2.278364,-0.910031,3.33771,-0.544085,0.732868,-0.408506,0.446474,0.619839,0.025098,0.760406,-0.532788,-0.109014,-0.355015,83.0,3.0,4.0,APULL,28,Idle
2.18,1.87472,-0.732144,3.489871,-0.522199,0.742242,-0.419983,0.259397,0.33007,-0.080063,0.771599,-0.527831,-0.106783,-0.338566,83.0,3.0,4.0,APULL,28,Idle
2.19,0.885104,-0.709573,3.501179,-0.498893,0.754297,-0.426782,0.136649,0.07984,-0.287406,0.780703,-0.52544,-0.102578,-0.322326,83.0,3.0,4.0,APULL,28,Idle
2.2,0.118263,-0.851322,3.389559,-0.475899,0.769163,-0.426507,0.083412,-0.083296,-0.491111,0.786958,-0.526579,-0.097268,-0.306514,83.0,3.0,4.0,APULL,28,Idle
2.21,-0.278861,-1.031597,3.334207,-0.45377,0.785103,-0.421551,0.093266,0.009818,-0.652072,0.791333,-0.52987,-0.091991,-0.290807,83.0,3.0,4.0,APULL,28,Idle
2.22,-0.211826,-1.325541,3.398345,-0.431947,0.801326,-0.413882,0.143174,0.347661,-0.732861,0.794741,-0.534272,-0.087245,-0.27446,83.0,3.0,4.0,APULL,28,Idle
2.23,0.429561,-1.571502,3.449597,-0.410119,0.815393,-0.40858,0.16436,0.520743,-0.704442,0.798963,-0.537271,-0.083966,-0.256805,83.0,3.0,4.0,APULL,28,Idle
2.24,0.704618,-1.752542,3.40473,-0.388821,0.827216,-0.405625,0.133923,0.601144,-0.707686,0.803773,-0.538927,-0.082129,-0.238247,83.0,3.0,4.0,APULL,28,Idle
2.25,2.406383,-1.796238,3.361811,-0.367576,0.833863,-0.411777,0.173102,0.4877,-0.988629,0.811094,-0.536123,-0.081754,-0.219124,83.0,3.0,4.0,APULL,28,Idle
2.26,3.182655,-1.926229,3.246893,-0.348012,0.83356,-0.429029,0.296391,0.694074,-0.7298,0.821413,-0.527716,-0.083678,-0.199485,83.0,3.0,4.0,APULL,28,Idle
2.27,3.897172,-1.947569,3.430012,-0.328749,0.829339,-0.451797,0.301756,1.035941,-0.590821,0.832947,-0.516391,-0.08627,-0.17916,83.0,3.0,4.0,APULL,28,Idle
2.28,4.727805,-1.950966,3.908019,-0.307455,0.820761,-0.48148,0.146444,0.998972,-0.563549,0.846243,-0.501389,-0.088707,-0.156884,83.0,3.0,4.0,APULL,28,Idle
2.29,5.282236,-2.074572,4.286151,-0.282339,0.807577,-0.517788,-0.02328,0.743174,-0.696033,0.861116,-0.482697,-0.090055,-0.131805,83.0,3.0,4.0,APULL,28,Idle
2.3,5.476363,-2.268983,4.28283,-0.259358,0.79012,-0.555377,-0.161876,0.517345,-0.716641,0.875541,-0.462349,-0.092438,-0.105431,83.0,3.0,4.0,APULL,28,Idle
2.31,5.251472,-2.189581,4.124483,-0.239333,0.769577,-0.592006,-0.310335,0.362717,-0.695545,0.888667,-0.44149,-0.095308,-0.079207,83.0,3.0,4.0,APULL,28,Idle
2.32,4.590029,-1.873808,4.025959,-0.22075,0.748777,-0.624982,-0.408538,0.235827,-0.606005,0.899754,-0.421957,-0.097268,-0.054172,83.0,3.0,4.0,APULL,28,Idle
2.33,3.775051,-1.611404,4.01952,-0.20196,0.7305,-0.652366,-0.401586,0.119384,-0.541863,0.90844,-0.405322,-0.097628,-0.030323,83.0,3.0,4.0,APULL,28,Idle
2.34,3.085078,-1.555547,4.0596,-0.183127,0.715517,-0.674166,-0.31521,0.033247,-0.486753,0.914895,-0.391787,-0.097056,-0.007064,83.0,3.0,4.0,APULL,28,Idle
2.35,2.584964,-1.604747,4.112842,-0.164829,0.703318,-0.691502,-0.218548,0.021871,-0.438473,0.919506,-0.380755,-0.096305,0.016122,83.0,3.0,4.0,APULL,28,Idle
2.36,2.392694,-1.689729,4.128175,-0.147485,0.692468,-0.706212,-0.16175,0.107947,-0.42126,0.922795,-0.371108,-0.095776,0.039446,83.0,3.0,4.0,APULL,28,Idle
2.37,2.548171,-1.754639,4.09961,-0.131428,0.680692,-0.720684,-0.154262,0.248629,-0.424458,0.925415,-0.361289,-0.095543,0.062839,83.0,3.0,4.0,APULL,28,Idle
2.38,2.990578,-1.855996,4.043247,-0.117085,0.665616,-0.737053,-0.180736,0.376269,-0.430794,0.927946,-0.349762,-0.095604,0.086267,83.0,3.0,4.0,APULL,28,Idle
2.39,3.649398,-1.97949,4.009781,-0.104972,0.645243,-0.756732,-0.205697,0.432241,-0.423002,0.930749,-0.335296,-0.095973,0.109876,83.0,3.0,4.0,APULL,28,Idle
2.4,4.18092,-2.118663,4.041873,-0.09523,0.618994,-0.779601,-0.223877,0.415094,-0.339814,0.933739,-0.317614,-0.096543,0.133908,83.0,3.0,4.0,APULL,28,Idle
2.41,4.445519,-2.195498,4.069671,-0.087839,0.58833,-0.803836,-0.253241,0.375187,-0.226407,0.936396,-0.297698,-0.097251,0.158368,83.0,3.0,4.0,APULL,28,Idle
2.42,4.489707,-2.170766,4.035994,-0.082489,0.555146,-0.827652,-0.291168,0.328857,-0.120239,0.938311,-0.276762,-0.097861,0.182754,83.0,3.0,4.0,APULL,28,Idle
2.43,4.399699,-2.092303,3.992934,-0.078795,0.520932,-0.849954,-0.315172,0.258091,-0.005484,0.939294,-0.255695,-0.098198,0.206651,83.0,3.0,4.0,APULL,28,Idle
2.44,4.152544,-1.972837,4.016599,-0.076137,0.487091,-0.870026,-0.315037,0.180741,0.093461,0.939188,-0.235265,-0.09817,0.230087,83.0,3.0,4.0,APULL,28,Idle
2.45,3.961326,-1.924928,4.06819,-0.074054,0.454495,-0.887666,-0.309048,0.11861,0.183091,0.937914,-0.215886,-0.097777,0.253278,83.0,3.0,4.0,APULL,28,Idle
2.46,3.714026,-1.923749,4.085326,-0.073557,0.422947,-0.903164,-0.276357,0.084667,0.334164,0.935545,-0.197231,-0.09756,0.276291,83.0,3.0,4.0,APULL,28,Idle
2.47,3.429797,-1.811754,4.141944,-0.073765,0.393425,-0.916393,-0.231609,0.092094,0.421764,0.932082,-0.179841,-0.097267,0.299032,83.0,3.0,4.0,APULL,28,Idle
2.48,3.356057,-1.748023,4.161111,-0.074387,0.365288,-0.927917,-0.184051,0.105033,0.403793,0.927667,-0.163361,-0.096718,0.321548,83.0,3.0,4.0,APULL,28,Idle
2.49,3.356057,-1.748023,4.161111,-0.074387,0.365288,-0.927917,-0.184051,0.105033,0.403793,0.927667,-0.163361,-0.096718,0.321548,83.0,3.0,4.0,APULL,28,Idle
2.5,3.553543,-1.728031,4.191635,-0.075983,0.336217,-0.938714,-0.11289,0.114512,0.377206,0.922545,-0.146512,-0.095797,0.343902,83.0,3.0,4.0,APULL,28,Idle
2.51,3.956736,-1.698711,4.254618,-0.078645,0.304071,-0.949397,-0.034453,0.127096,0.379161,0.916794,-0.128225,-0.094125,0.366315,83.0,3.0,4.0,APULL,28,Idle
2.52,4.496166,-1.645619,4.294405,-0.082438,0.267045,-0.960151,0.026056,0.190001,0.393394,0.910427,-0.107681,-0.091264,0.388842,83.0,3.0,4.0,APULL,28,Idle
2.53,4.906566,-1.525788,4.322444,-0.087247,0.225044,-0.970434,0.053906,0.289833,0.455359,0.903364,-0.084963,-0.086972,0.411279,83.0,3.0,4.0,APULL,28,Idle
2.54,5.162049,-1.269637,4.381405,-0.092199,0.179629,-0.979404,0.062734,0.340619,0.51952,0.895409,-0.061064,-0.081049,0.433525,83.0,3.0,4.0,APULL,28,Idle
2.55,5.202891,-0.970419,4.437971,-0.096343,0.132552,-0.986483,0.056732,0.304887,0.520082,0.886438,-0.037058,-0.073385,0.455487,83.0,3.0,4.0,APULL,28,Idle
2.56,4.932057,-0.711727,4.519638,-0.099803,0.086475,-0.991242,0.069026,0.200665,0.495759,0.876338,-0.014143,-0.064644,0.47713,83.0,3.0,4.0,APULL,28,Idle
2.57,4.362658,-0.528767,4.539379,-0.103013,0.044674,-0.993676,0.105668,0.08469,0.462243,0.86515,0.006364,-0.055869,0.498352,83.0,3.0,4.0,APULL,28,Idle
2.58,3.627953,-0.35995,4.451604,-0.106286,0.009428,-0.994291,0.158837,0.01346,0.416929,0.853259,0.023612,-0.047927,0.518743,83.0,3.0,4.0,APULL,28,Idle
2.59,2.645748,-0.211937,4.336267,-0.109375,-0.017311,-0.99385,0.240799,0.021736,0.381332,0.841097,0.036817,-0.041468,0.538034,83.0,3.0,4.0,APULL,28,Idle
2.6,1.43931,-0.128696,4.242404,-0.112165,-0.032991,-0.993142,0.353223,0.074968,0.394524,0.828888,0.045028,-0.037437,0.556341,83.0,3.0,4.0,APULL,28,Idle
2.61,0.294353,-0.080532,4.143792,-0.114833,-0.036766,-0.992704,0.464015,0.108116,0.434019,0.816795,0.048134,-0.036483,0.573758,83.0,3.0,4.0,APULL,28,Idle
2.62,-0.713055,-0.002808,4.020958,-0.116745,-0.029932,-0.992711,0.562882,0.141199,0.463689,0.804915,0.046675,-0.03829,0.590311,83.0,3.0,4.0,APULL,28,Idle
2.63,-1.627291,0.039279,3.837827,-0.117484,-0.013613,-0.992981,0.631003,0.191393,0.519684,0.793388,0.041132,-0.042631,0.605827,83.0,3.0,4.0,APULL,28,Idle
2.64,-2.299616,0.017001,3.563907,-0.117463,0.010321,-0.993024,0.659669,0.232736,0.541959,0.782381,0.032489,-0.049322,0.619993,83.0,3.0,4.0,APULL,28,Idle
2.65,-2.653387,-0.0815,3.270418,-0.117621,0.038761,-0.992302,0.653022,0.270992,0.504341,0.771989,0.022328,-0.057884,0.632601,83.0,3.0,4.0,APULL,28,Idle
2.66,-2.77423,-0.148351,2.941243,-0.117409,0.069351,-0.990659,0.616082,0.301819,0.501966,0.762236,0.011409,-0.067382,0.643681,83.0,3.0,4.0,APULL,28,Idle
2.67,-2.637605,-0.160338,2.564733,-0.116764,0.09955,-0.988158,0.538044,0.342405,0.515669,0.753318,0.000639,-0.076946,0.653139,83.0,3.0,4.0,APULL,28,Idle
2.68,-2.186262,-0.10538,2.195225,-0.115488,0.126268,-0.985251,0.462549,0.391646,0.505545,0.745386,-0.008952,-0.085408,0.661079,83.0,3.0,4.0,APULL,28,Idle
2.69,-1.711872,-0.025233,1.852219,-0.113428,0.147716,-0.982504,0.393274,0.462987,0.523321,0.738506,-0.016822,-0.092006,0.667728,83.0,3.0,4.0,APULL,28,Idle
2.7,-1.344679,0.125627,1.500879,-0.110321,0.16455,-0.98018,0.307907,0.509125,0.556245,0.732744,-0.023385,-0.096764,0.673184,83.0,3.0,4.0,APULL,28,Idle
2.71,-1.126267,0.232245,1.106124,-0.106355,0.178004,-0.978265,0.222429,0.495718,0.57261,0.728248,-0.029112,-0.100099,0.677339,83.0,3.0,4.0,APULL,28,Idle
2.72,-1.053925,0.37189,0.67506,-0.101785,0.189479,-0.976595,0.169549,0.45281,0.562059,0.725197,-0.034502,-0.102529,0.679991,83.0,3.0,4.0,APULL,28,Idle
2.73,-1.076046,0.524698,0.291566,-0.09646,0.200358,-0.974963,0.158639,0.372914,0.532931,0.723592,-0.040142,-0.104438,0.681099,83.0,3.0,4.0,APULL,28,Idle
2.74,-0.888147,0.609791,-0.105584,-0.090645,0.21071,-0.973337,0.186791,0.281935,0.515756,0.723331,-0.045965,-0.105919,0.680779,83.0,3.0,4.0,APULL,28,Idle
2.75,0.300321,-0.729614,-0.571308,-0.091776,0.21348,-0.972627,0.321024,0.461401,0.303926,0.724492,-0.046802,-0.10722,0.679283,83.0,3.0,4.0,APULL,28,Idle
2.76,2.417341,-1.477975,-0.062837,-0.104316,0.200977,-0.974026,0.819893,0.913326,-1.174686,0.725391,-0.03798,-0.107446,0.678838,83.0,3.0,4.0,APULL,28,Idle
2.77,5.059604,-1.042724,0.33982,-0.116229,0.163985,-0.979592,0.953112,0.532914,-0.874031,0.724566,-0.019993,-0.099018,0.681762,83.0,3.0,4.0,APULL,28,Idle
2.78,5.8151,-0.863672,-0.41551,-0.125053,0.109139,-0.986129,0.564064,0.139122,-0.38083,0.72437,0.003285,-0.083215,0.684363,83.0,3.0,4.0,APULL,28,Idle
2.79,4.14938,-1.098394,-0.988466,-0.135282,0.057487,-0.989138,0.382993,-0.017586,0.035601,0.726233,0.025496,-0.069145,0.683487,83.0,3.0,4.0,APULL,28,Idle
2.8,2.190768,-1.333157,-0.558762,-0.147792,0.025698,-0.988685,0.584941,-0.448809,0.013709,0.728113,0.041224,-0.062915,0.681318,83.0,3.0,4.0,APULL,28,Idle
2.81,1.01515,-1.430788,-0.114852,-0.161458,0.009467,-0.986834,0.689641,-1.072776,-0.167112,0.728318,0.051823,-0.062428,0.680419,83.0,3.0,4.0,APULL,28,Idle
2.82,-0.681339,-1.690343,-0.512914,-0.176796,0.006948,-0.984223,0.62629,-1.14884,-0.169494,0.728654,0.057957,-0.067302,0.679099,83.0,3.0,4.0,APULL,28,Idle
2.83,-2.126812,-1.792799,-1.181159,-0.19419,0.019756,-0.980765,0.5017,-0.923321,-0.06376,0.731392,0.058868,-0.078435,0.674869,83.0,3.0,4.0,APULL,28,Idle
2.84,-2.806251,-1.833633,-1.197849,-0.212276,0.041821,-0.976314,0.338222,-0.872281,-0.092045,0.735482,0.056267,-0.09315,0.668748,83.0,3.0,4.0,APULL,28,Idle
2.85,-2.740525,-1.661038,-0.940893,-0.229864,0.066883,-0.970922,0.187597,-0.663974,-0.066798,0.738919,0.052239,-0.108674,0.662917,83.0,3.0,4.0,APULL,28,Idle
2.86,-2.582343,-1.58747,-0.73358,-0.24622,0.09053,-0.964977,0.056981,-0.280899,0.086589,0.741408,0.048277,-0.123212,0.657877,83.0,3.0,4.0,APULL,28,Idle
2.87,-2.429163,-1.473074,-0.801225,-0.261687,0.112903,-0.958527,-0.026995,0.234082,-0.012817,0.743418,0.044413,-0.136983,0.653141,83.0,3.0,4.0,APULL,28,Idle
2.88,-2.38057,-1.357835,-1.137633,-0.276507,0.133266,-0.951727,-0.160062,0.791447,-0.017557,0.746109,0.04078,-0.149912,0.647445,83.0,3.0,4.0,APULL,28,Idle
2.89,-1.278057,-0.939947,-0.758979,-0.288909,0.148769,-0.945727,-0.308457,1.006169,0.177386,0.748819,0.038069,-0.160273,0.641977,83.0,3.0,4.0,APULL,28,Idle
2.9,0.40838,-0.643888,-0.342027,-0.296905,0.151038,-0.942887,-0.422593,0.857949,0.102844,0.7499,0.039445,-0.164319,0.639604,83.0,3.0,4.0,APULL,28,Idle
2.91,1.329147,-0.600205,-0.400035,-0.303273,0.141532,-0.942335,-0.485103,0.936639,-0.051028,0.750371,0.045069,-0.163712,0.638835,83.0,3.0,4.0,APULL,28,Idle
2.92,2.013749,-0.380121,-0.173654,-0.308346,0.1246,-0.943079,-0.429721,0.627033,-0.027045,0.750524,0.053267,-0.160073,0.638947,83.0,3.0,4.0,APULL,28,Idle
2.93,1.735524,-0.194764,0.118164,-0.310882,0.106187,-0.944498,-0.280244,0.057768,-0.03829,0.74982,0.061427,-0.154847,0.640327,83.0,3.0,4.0,APULL,28,Idle
2.94,0.851346,-0.141783,0.258095,-0.312225,0.094525,-0.945294,-0.096115,-0.412793,-0.157901,0.748625,0.066671,-0.151354,0.642034,83.0,3.0,4.0,APULL,28,Idle
2.95,-0.231886,-0.062985,0.307757,-0.31297,0.092378,-0.94526,0.065686,-0.748384,-0.179466,0.74752,0.068002,-0.150817,0.643307,83.0,3.0,4.0,APULL,28,Idle
2.96,-1.6143,0.025874,0.311972,-0.312699,0.102047,-0.944355,0.152878,-0.77296,-0.128155,0.746784,0.064346,-0.15389,0.64381,83.0,3.0,4.0,APULL,28,Idle
2.97,-2.588292,0.056456,0.226032,-0.311962,0.123373,-0.94205,0.182476,-0.520605,-0.125882,0.746622,0.055874,-0.160789,0.643102,83.0,3.0,4.0,APULL,28,Idle
2.98,-2.603674,0.236148,0.35018,-0.310254,0.149071,-0.938893,0.122708,-0.220436,-0.085384,0.746516,0.045334,-0.168814,0.641998,83.0,3.0,4.0,APULL,28,Idle
2.99,-2.333922,0.487146,0.48252,-0.306163,0.173662,-0.936005,-0.028035,0.169081,0.000931,0.745972,0.034534,-0.175513,0.641505,83.0,3.0,4.0,APULL,28,Idle
3.0,-1.650127,0.834464,0.626659,-0.29898,0.19437,-0.934254,-0.142869,0.531109,0.072545,0.745077,0.024342,-0.179667,0.641863,83.0,3.0,4.0,APULL,28,Idle
3.01,-0.676876,1.140418,0.817485,-0.288145,0.207341,-0.93487,-0.14612,0.617946,0.05842,0.74377,0.016146,-0.179734,0.643615,83.0,3.0,4.0,APULL,28,Idle
3.02,0.016735,1.340825,0.998831,-0.274534,0.212633,-0.937773,-0.051486,0.516859,0.04373,0.741943,0.010228,-0.176093,0.646844,83.0,3.0,4.0,APULL,28,Idle
3.03,0.23891,1.503018,1.126304,-0.258753,0.214201,-0.941894,0.013193,0.309191,-0.007156,0.739718,0.005146,-0.170371,0.650972,83.0,3.0,4.0,APULL,28,Idle
3.04,0.086261,1.679353,1.256045,-0.241079,0.215444,-0.94629,0.007177,0.002833,0.002595,0.737133,-0.000393,-0.163874,0.655576,83.0,3.0,4.0,APULL,28,Idle
3.05,-0.372881,1.82612,1.308754,-0.221549,0.219799,-0.950055,-0.039773,-0.209118,-0.043262,0.734302,-0.007763,-0.157836,0.660172,83.0,3.0,4.0,APULL,28,Idle
3.06,-0.87356,1.913325,1.392534,-0.200612,0.228647,-0.952615,-0.056713,-0.304834,-0.066184,0.731252,-0.017356,-0.152942,0.664514,83.0,3.0,4.0,APULL,28,Idle
3.07,-1.312385,1.914807,1.51493,-0.178795,0.24198,-0.953666,-0.056587,-0.279043,-0.104196,0.727721,-0.028931,-0.149433,0.668772,83.0,3.0,4.0,APULL,28,Idle
3.08,-1.48233,1.939616,1.643432,-0.156398,0.258208,-0.953346,-0.050053,-0.102568,-0.092064,0.723581,-0.041753,-0.146914,0.67313,83.0,3.0,4.0,APULL,28,Idle
3.09,-1.323748,2.001331,1.773423,-0.133004,0.274335,-0.952392,-0.068671,0.113009,-0.044801,0.718881,-0.054838,-0.144211,0.677795,83.0,3.0,4.0,APULL,28,Idle
3.1,-0.868701,2.036689,1.892687,-0.108472,0.287132,-0.95173,-0.091525,0.267784,-0.039405,0.713728,-0.067043,-0.140144,0.682977,83.0,3.0,4.0,APULL,28,Idle
3.11,-0.272954,2.004994,1.963119,-0.083487,0.294508,-0.951995,-0.105401,0.336062,-0.052094,0.708286,-0.077406,-0.134204,0.688715,83.0,3.0,4.0,APULL,28,Idle
3.12,0.159127,2.005147,2.03303,-0.058397,0.296306,-0.953306,-0.121367,0.271169,-0.014849,0.702655,-0.085813,-0.126424,0.694931,83.0,3.0,4.0,APULL,28,Idle
3.13,0.261024,2.005271,2.06223,-0.03299,0.295191,-0.954868,-0.123367,0.134893,-0.0088,0.696792,-0.093382,-0.117667,0.701366,83.0,3.0,4.0,APULL,28,Idle
3.14,0.194489,1.918747,1.990249,-0.008144,0.293433,-0.955945,-0.088779,-0.005057,0.01724,0.690855,-0.100696,-0.109031,0.707596,83.0,3.0,4.0,APULL,28,Idle
3.15,-0.015706,1.856471,1.959855,0.015835,0.292499,-0.956135,-0.054348,-0.118534,0.062916,0.68487,-0.108183,-0.101139,0.713457,83.0,3.0,4.0,APULL,28,Idle
3.16,-0.314848,1.757438,1.943696,0.038968,0.293569,-0.955143,-0.016736,-0.130315,0.070317,0.678652,-0.116232,-0.094437,0.719029,83.0,3.0,4.0,APULL,28,Idle
3.17,-0.538161,1.627833,1.934616,0.060962,0.296831,-0.952982,0.020428,-0.05948,0.058649,0.672153,-0.12477,-0.089114,0.724362,83.0,3.0,4.0,APULL,28,Idle
3.18,-0.569243,1.509161,1.918759,0.081746,0.300846,-0.950163,0.030574,0.01022,0.038664,0.665443,-0.133238,-0.084654,0.729566,83.0,3.0,4.0,APULL,28,Idle
3.19,-0.472864,1.416045,1.922194,0.101484,0.304118,-0.947213,0.016177,0.002675,0.028467,0.658647,-0.141159,-0.08042,0.734705,83.0,3.0,4.0,APULL,28,Idle
3.2,-0.439829,1.348798,1.90722,0.120494,0.306211,-0.944307,0.016393,-0.067884,0.021761,0.651782,-0.148499,-0.076123,0.73982,83.0,3.0,4.0,APULL,28,Idle
3.21,-0.59018,1.255203,1.834119,0.138659,0.308684,-0.941004,0.035047,-0.081831,0.013407,0.64491,-0.155762,-0.072363,0.74471,83.0,3.0,4.0,APULL,28,Idle
3.22,-0.738045,1.138265,1.774516,0.155574,0.312299,-0.937158,0.060475,-0.04904,0.027124,0.638061,-0.163042,-0.069556,0.749305,83.0,3.0,4.0,APULL,28,Idle
3.23,-0.786352,1.035349,1.792016,0.171402,0.316642,-0.93293,0.053666,-0.008903,0.040093,0.631082,-0.170222,-0.067521,0.753791,83.0,3.0,4.0,APULL,28,Idle
3.24,-0.666258,0.959373,1.811008,0.186485,0.320278,-0.928787,0.012215,0.03812,0.042496,0.623941,-0.176927,-0.065599,0.758348,83.0,3.0,4.0,APULL,28,Idle
3.25,-0.44221,0.934374,1.766121,0.201057,0.321989,-0.925148,-0.039131,0.078753,0.056496,0.616917,-0.182855,-0.063166,0.762881,83.0,3.0,4.0,APULL,28,Idle
3.26,-0.177338,0.931717,1.69483,0.215334,0.321257,-0.922185,-0.072099,0.110598,0.038839,0.610272,-0.187946,-0.059864,0.767243,83.0,3.0,4.0,APULL,28,Idle
3.27,0.073517,0.911099,1.623681,0.22919,0.318053,-0.919953,-0.069781,0.124986,0.014909,0.604099,-0.192156,-0.055673,0.771389,83.0,3.0,4.0,APULL,28,Idle
3.28,0.263558,0.888653,1.598322,0.242626,0.312687,-0.918346,-0.044583,0.106121,0.024639,0.598268,-0.195587,-0.050722,0.775402,83.0,3.0,4.0,APULL,28,Idle
3.29,0.430074,0.858169,1.595062,0.255633,0.305528,-0.917226,-0.02019,0.062758,0.041418,0.592603,-0.198355,-0.045187,0.779381,83.0,3.0,4.0,APULL,28,Idle
3.3,0.457273,0.833485,1.572676,0.26824,0.29729,-0.916333,-0.011984,0.032804,0.044095,0.587028,-0.200712,-0.039348,0.783304,83.0,3.0,4.0,APULL,28,Idle
3.31,0.465173,0.807563,1.532472,0.280388,0.288813,-0.915407,-0.015557,0.023336,0.041978,0.581528,-0.202906,-0.033555,0.787102,83.0,3.0,4.0,APULL,28,Idle
3.32,0.462423,0.792427,1.489844,0.292068,0.280301,-0.9144,-0.026061,0.00368,0.002428,0.576148,-0.204995,-0.027877,0.79073,83.0,3.0,4.0,APULL,28,Idle
3.33,0.591962,0.78862,1.454546,0.303402,0.27121,-0.913451,-0.021893,-0.039764,-0.064363,0.570931,-0.206854,-0.022041,0.794206,83.0,3.0,4.0,APULL,28,Idle
3.34,0.7497,0.80146,1.40066,0.314529,0.260599,-0.912776,-0.012481,-0.073557,-0.054067,0.566005,-0.208253,-0.015583,0.797513,83.0,3.0,4.0,APULL,28,Idle
3.35,0.71704,0.822205,1.320923,0.325481,0.249474,-0.912044,-0.002086,-0.043664,-0.034748,0.561383,-0.209521,-0.008889,0.800544,83.0,3.0,4.0,APULL,28,Idle
3.36,0.67738,0.828596,1.23564,0.336202,0.238987,-0.910963,0.01562,-0.016163,-0.045366,0.55699,-0.21098,-0.002465,0.80327,83.0,3.0,4.0,APULL,28,Idle
3.37,0.722634,0.813081,1.157522,0.346535,0.228541,-0.90977,0.033714,-0.033137,-0.047719,0.552907,-0.212366,0.003907,0.805716,83.0,3.0,4.0,APULL,28,Idle
3.38,0.723962,0.793058,1.067736,0.356384,0.218022,-0.908547,0.028519,-0.037953,-0.010628,0.549153,-0.213592,0.010253,0.807901,83.0,3.0,4.0,APULL,28,Idle
3.39,0.732488,0.759607,0.988606,0.365676,0.207754,-0.907259,0.011918,-0.020025,0.016634,0.545718,-0.214711,0.016417,0.809828,83.0,3.0,4.0,APULL,28,Idle
3.4,0.830714,0.705087,0.916542,0.374317,0.197204,-0.906089,7.3e-05,0.00113,0.03054,0.542613,-0.215511,0.022595,0.811552,83.0,3.0,4.0,APULL,28,Idle
3.41,0.932604,0.661688,0.861884,0.382279,0.185843,-0.905166,-0.010316,0.027521,0.057799,0.539855,-0.215814,0.029009,0.813105,83.0,3.0,4.0,APULL,28,Idle
3.42,1.088831,0.662095,0.805253,0.389785,0.17356,-0.904403,-0.011611,0.075463,0.011657,0.53742,-0.215683,0.035768,0.814482,83.0,3.0,4.0,APULL,28,Idle
3.43,1.300832,0.644031,0.719265,0.397067,0.159662,-0.903795,0.001324,0.11959,-0.024214,0.535445,-0.215011,0.043276,0.815596,83.0,3.0,4.0,APULL,28,Idle
3.44,1.358024,0.617054,0.621495,0.403811,0.144883,-0.903297,-0.009143,0.132338,0.023612,0.534003,-0.213858,0.051151,0.816388,83.0,3.0,4.0,APULL,28,Idle
3.45,1.326582,0.617827,0.57364,0.410259,0.130281,-0.902615,-0.032543,0.104201,0.05058,0.532844,-0.212642,0.058957,0.816936,83.0,3.0,4.0,APULL,28,Idle
3.46,1.265954,0.561598,0.557749,0.416378,0.116215,-0.901734,-0.045391,0.043606,0.042542,0.531712,-0.211461,0.066465,0.817404,83.0,3.0,4.0,APULL,28,Idle
3.47,1.025476,0.45301,0.500275,0.421594,0.103454,-0.900864,-0.044885,0.012498,0.01381,0.530581,-0.210273,0.073166,0.817873,83.0,3.0,4.0,APULL,28,Idle
3.48,0.626464,0.317999,0.43032,0.42557,0.094184,-0.900011,-0.043582,0.049997,-0.081282,0.529406,-0.209544,0.078011,0.818373,83.0,3.0,4.0,APULL,28,Idle
3.49,0.594282,0.180003,0.438346,0.428263,0.087109,-0.899446,-0.058268,-0.009685,-0.143401,0.528147,-0.208882,0.08152,0.819014,83.0,3.0,4.0,APULL,28,Idle
3.5,0.854874,0.15963,0.453329,0.430123,0.078751,-0.899329,-0.077553,-0.082261,-0.162332,0.526979,-0.207486,0.085352,0.81973,83.0,3.0,4.0,APULL,28,Idle
3.51,1.035377,0.088023,0.388362,0.431658,0.068357,-0.899444,-0.050478,-0.051557,-0.128709,0.526176,-0.205349,0.090056,0.820281,83.0,3.0,4.0,APULL,28,Idle
3.52,1.118679,0.062258,0.310492,0.432553,0.057143,-0.899796,0.034076,-0.021041,0.001297,0.525806,-0.202659,0.095034,0.820625,83.0,3.0,4.0,APULL,28,Idle
3.53,0.989927,0.072971,0.226594,0.433397,0.046385,-0.900009,0.08853,-0.048628,0.025955,0.525743,-0.200045,0.099887,0.82073,83.0,3.0,4.0,APULL,28,Idle
3.54,0.777391,0.098935,0.161187,0.434264,0.037653,-0.899998,0.119172,-0.118539,-0.012111,0.525779,-0.198,0.103908,0.820704,83.0,3.0,4.0,APULL,28,Idle
3.55,0.560208,0.140544,0.092664,0.435457,0.031095,-0.899672,0.125258,-0.209791,-0.001313,0.525854,-0.196702,0.107109,0.820557,83.0,3.0,4.0,APULL,28,Idle
3.56,0.109488,0.157493,-0.007489,0.436825,0.027672,-0.899121,0.108189,-0.251365,-0.045932,0.525928,-0.196353,0.109018,0.820342,83.0,3.0,4.0,APULL,28,Idle
3.57,-0.550135,0.102507,-0.193826,0.438152,0.030058,-0.898398,0.086048,-0.222364,-0.035043,0.52604,-0.197597,0.108426,0.820049,83.0,3.0,4.0,APULL,28,Idle
3.58,-1.151143,0.013589,-0.389033,0.438529,0.039105,-0.897866,0.090326,-0.198422,-0.071967,0.526355,-0.200245,0.104733,0.819685,83.0,3.0,4.0,APULL,28,Idle
3.59,-1.44871,0.050147,-0.456167,0.438684,0.05294,-0.897081,0.08808,-0.196586,-0.075575,0.526781,-0.204127,0.098954,0.819172,83.0,3.0,4.0,APULL,28,Idle
3.6,-1.208247,0.100036,-0.383287,0.439152,0.066928,-0.895916,0.068141,-0.275531,-0.009693,0.527054,-0.208228,0.093183,0.818641,83.0,3.0,4.0,APULL,28,Idle
3.61,-0.949044,0.190276,-0.44436,0.440263,0.078137,-0.894463,0.023604,-0.261502,0.021828,0.527517,-0.211833,0.088858,0.817898,83.0,3.0,4.0,APULL,28,Idle
3.62,-1.192288,0.190092,-0.568928,0.441703,0.08975,-0.892661,-0.005714,-0.037153,0.034949,0.528397,-0.215674,0.084584,0.816778,83.0,3.0,4.0,APULL,28,Idle
3.63,-1.521268,0.171164,-0.579101,0.44284,0.10433,-0.89051,0.049989,0.140986,0.013435,0.529222,-0.220251,0.078958,0.815585,83.0,3.0,4.0,APULL,28,Idle
3.64,-1.494754,0.179761,-0.429551,0.443891,0.120409,-0.887954,0.10982,0.072081,-0.127304,0.529486,-0.225303,0.072536,0.81463,83.0,3.0,4.0,APULL,28,Idle
3.65,-1.412617,0.114166,-0.414522,0.44496,0.134721,-0.885359,0.064637,-0.203065,-0.354875,0.529472,-0.229908,0.066805,0.813842,83.0,3.0,4.0,APULL,28,Idle
3.66,-2.136772,-0.125371,-0.569119,0.444585,0.152207,-0.88271,0.028667,-0.309571,-0.560618,0.529377,-0.234801,0.059273,0.81309,83.0,3.0,4.0,APULL,28,Idle
3.67,-2.908878,-0.364763,-0.713595,0.441305,0.177321,-0.879663,0.137217,-0.382735,-0.438864,0.529062,-0.240634,0.047577,0.812358,83.0,3.0,4.0,APULL,28,Idle
3.68,-3.543324,-0.56934,-0.756412,0.435853,0.209036,-0.875406,0.243682,-0.467809,-0.357504,0.528184,-0.247496,0.032288,0.811618,83.0,3.0,4.0,APULL,28,Idle
3.69,-3.93208,-0.756176,-0.751756,0.428288,0.245129,-0.869759,0.247311,-0.519147,-0.328315,0.526617,-0.254785,0.014317,0.810897,83.0,3.0,4.0,APULL,28,Idle
3.7,-4.132274,-0.869347,-0.714433,0.419278,0.283255,-0.862539,0.144763,-0.548376,-0.26356,0.524382,-0.262115,-0.005159,0.810119,83.0,3.0,4.0,APULL,28,Idle
3.71,-4.230572,-0.950396,-0.635864,0.409443,0.322075,-0.853595,-0.008564,-0.541725,-0.17172,0.521481,-0.269363,-0.025419,0.809231,83.0,3.0,4.0,APULL,28,Idle
3.72,-4.167176,-1.018404,-0.514185,0.399053,0.360045,-0.843282,-0.129507,-0.516325,-0.051204,0.517912,-0.27616,-0.045768,0.808337,83.0,3.0,4.0,APULL,28,Idle
3.73,-4.238415,-0.992287,-0.361412,0.388906,0.39693,-0.831383,-0.227697,-0.423618,0.126824,0.513529,-0.282769,-0.065955,0.807453,83.0,3.0,4.0,APULL,28,Idle
3.74,-4.185996,-0.811373,-0.224291,0.380202,0.432911,-0.817334,-0.317733,-0.302311,0.218747,0.508289,-0.28979,-0.08576,0.806418,83.0,3.0,4.0,APULL,28,Idle
3.75,-4.123686,-0.552456,-0.148198,0.373926,0.467047,-0.801278,-0.358927,-0.168891,0.222603,0.502597,-0.297428,-0.104394,0.805006,83.0,3.0,4.0,APULL,28,Idle
3.76,-4.131053,-0.391844,-0.142506,0.369608,0.500184,-0.783074,-0.328272,-0.035219,0.172433,0.496631,-0.305777,-0.122326,0.803054,83.0,3.0,4.0,APULL,28,Idle
3.77,-3.817422,-0.280638,-0.112937,0.36647,0.531039,-0.764001,-0.235778,-0.072894,0.090234,0.490734,-0.314084,-0.139106,0.800738,83.0,3.0,4.0,APULL,28,Idle
3.78,-3.694965,-0.348686,-0.087509,0.363726,0.559349,-0.744871,-0.140566,-0.174247,0.011457,0.484937,-0.321863,-0.15482,0.798293,83.0,3.0,4.0,APULL,28,Idle
3.79,-3.624126,-0.433246,-0.050063,0.360476,0.586469,-0.725335,-0.089206,-0.31358,0.005029,0.478915,-0.329059,-0.170447,0.795807,83.0,3.0,4.0,APULL,28,Idle
3.8,-3.686823,-0.47014,-0.019174,0.35707,0.612435,-0.705283,-0.084747,-0.441979,0.064857,0.472605,-0.335836,-0.185938,0.793276,83.0,3.0,4.0,APULL,28,Idle
3.81,-4.110383,-0.411867,-0.003868,0.353849,0.639442,-0.682573,-0.137372,-0.477592,0.19098,0.465637,-0.343148,-0.202394,0.790233,83.0,3.0,4.0,APULL,28,Idle
3.82,-4.427827,-0.289721,0.025143,0.351554,0.668015,-0.65587,-0.19036,-0.496079,0.28174,0.457781,-0.351631,-0.220048,0.786366,83.0,3.0,4.0,APULL,28,Idle
3.83,-4.751036,-0.05772,0.032599,0.3506,0.697388,-0.625083,-0.22946,-0.429032,0.379524,0.449271,-0.361397,-0.238434,0.781471,83.0,3.0,4.0,APULL,28,Idle
3.84,-4.8228,0.18432,0.02583,0.351256,0.726501,-0.590607,-0.220045,-0.25621,0.425598,0.440395,-0.372396,-0.256939,0.775471,83.0,3.0,4.0,APULL,28,Idle
3.85,-4.797376,0.380467,-0.100397,0.352628,0.754245,-0.553866,-0.175352,-0.024723,0.436907,0.431769,-0.383968,-0.275019,0.768445,83.0,3.0,4.0,APULL,28,Idle
3.86,-4.452137,0.552206,-0.20102,0.353924,0.779707,-0.516521,-0.113979,0.118928,0.42416,0.423962,-0.395485,-0.292115,0.760603,83.0,3.0,4.0,APULL,28,Idle
3.87,-3.710135,0.698707,-0.237443,0.355344,0.800947,-0.481886,-0.024488,0.170519,0.33914,0.417515,-0.406166,-0.306736,0.752744,83.0,3.0,4.0,APULL,28,Idle
3.88,-3.113135,0.779456,-0.274866,0.356723,0.817729,-0.451739,0.039975,0.188039,0.377688,0.412662,-0.415596,-0.31845,0.745372,83.0,3.0,4.0,APULL,28,Idle
3.89,-2.840131,0.862886,-0.321876,0.357857,0.831796,-0.424328,0.089668,0.196433,0.260082,0.408842,-0.424243,-0.328412,0.738249,83.0,3.0,4.0,APULL,28,Idle
3.9,-2.532264,1.032413,-0.382219,0.358764,0.844083,-0.398512,0.115769,0.077853,0.188582,0.406014,-0.432587,-0.337065,0.731033,83.0,3.0,4.0,APULL,28,Idle
3.91,-2.632455,1.048603,-0.385034,0.359522,0.855391,-0.372895,0.131719,-0.100203,0.1597,0.403625,-0.44096,-0.345119,0.723557,83.0,3.0,4.0,APULL,28,Idle
3.92,-2.977639,0.917567,-0.291786,0.360088,0.866696,-0.345217,0.127308,-0.219433,0.034381,0.400319,-0.44952,-0.354011,0.715789,83.0,3.0,4.0,APULL,28,Idle
3.93,-3.154356,0.809759,-0.142689,0.361008,0.87767,-0.315229,0.040329,-0.344924,-0.01842,0.395652,-0.458321,-0.363769,0.707866,83.0,3.0,4.0,APULL,28,Idle
3.94,-3.20287,0.757939,-0.033369,0.362628,0.887465,-0.284441,-0.102466,-0.394728,-0.050902,0.390051,-0.467143,-0.373574,0.700058,83.0,3.0,4.0,APULL,28,Idle
3.95,-3.309593,0.855964,0.053779,0.364915,0.896172,-0.252417,-0.251099,-0.319649,-0.080011,0.383822,-0.476278,-0.383342,0.692018,83.0,3.0,4.0,APULL,28,Idle
3.96,-3.430685,1.072093,0.156823,0.368114,0.903758,-0.218434,-0.33572,-0.315669,-0.024196,0.37719,-0.486225,-0.392897,0.683334,83.0,3.0,4.0,APULL,28,Idle
3.97,-3.432661,1.190798,0.286464,0.372374,0.909863,-0.182996,-0.309096,-0.306103,0.005399,0.37025,-0.496954,-0.401918,0.674101,83.0,3.0,4.0,APULL,28,Idle
3.98,-3.293394,1.265049,0.421488,0.377631,0.914112,-0.147631,-0.235969,-0.267444,0.079836,0.363089,-0.507968,-0.410065,0.664817,83.0,3.0,4.0,APULL,28,Idle
3.99,-2.972656,1.353894,0.488884,0.383604,0.916435,-0.113995,-0.171705,-0.173149,0.189694,0.356259,-0.518904,-0.416822,0.655803,83.0,3.0,4.0,APULL,28,Idle
4.0,-2.741888,1.516923,0.552137,0.389751,0.917255,-0.082088,-0.104473,0.051038,0.172038,0.350047,-0.529737,-0.422297,0.646924,83.0,3.0,4.0,APULL,28,Idle
4.01,-2.282057,1.746936,0.554705,0.396016,0.916735,-0.05262,-0.042378,0.174589,0.238304,0.344981,-0.540549,-0.426024,0.638199,83.0,3.0,4.0,APULL,28,Idle
4.02,-1.961409,1.847886,0.57097,0.401786,0.915366,-0.02595,0.027032,0.197747,0.322321,0.341313,-0.551116,-0.428131,0.629667,83.0,3.0,4.0,APULL,28,Idle
4.03,-1.728343,1.829698,0.767926,0.408117,0.912928,-0.00157,0.118113,0.119268,0.311674,0.338019,-0.561438,-0.428955,0.621714,83.0,3.0,4.0,APULL,28,Idle
4.04,-1.631256,1.827615,0.814146,0.415273,0.909456,0.020958,0.155574,0.052992,0.264626,0.33481,-0.571596,-0.428668,0.614348,83.0,3.0,4.0,APULL,28,Idle
4.05,-1.377192,2.037369,0.816622,0.422107,0.905531,0.042901,0.160215,0.14902,0.169165,0.332044,-0.581802,-0.427735,0.606874,83.0,3.0,4.0,APULL,28,Idle
4.06,-1.301085,2.028079,0.828419,0.428373,0.901352,0.06373,0.147372,0.180954,0.271475,0.33003,-0.591941,-0.425994,0.599346,83.0,3.0,4.0,APULL,28,Idle
4.07,-1.231348,1.998001,0.924279,0.434783,0.896636,0.083712,0.139115,0.171373,0.24188,0.327912,-0.601848,-0.423834,0.59213,83.0,3.0,4.0,APULL,28,Idle
4.08,-1.236761,2.112534,0.993966,0.441462,0.891254,0.103817,0.089513,0.129697,0.194569,0.325662,-0.611964,-0.4212,0.584838,83.0,3.0,4.0,APULL,28,Idle
4.09,-1.206468,2.161549,1.02173,0.447987,0.885374,0.12418,0.060344,0.100512,0.193096,0.323472,-0.622293,-0.41814,0.5773,83.0,3.0,4.0,APULL,28,Idle
4.1,-1.443305,2.164207,1.129587,0.454485,0.878813,0.145367,0.057615,0.142229,0.239383,0.32088,-0.632823,-0.414992,0.569519,83.0,3.0,4.0,APULL,28,Idle
4.11,-1.52948,2.139404,1.170446,0.461334,0.871085,0.168469,0.096985,0.146463,0.104282,0.317269,-0.643794,-0.412023,0.561343,83.0,3.0,4.0,APULL,28,Idle
4.12,-1.326474,2.038396,1.064837,0.467307,0.863264,0.190788,0.140664,0.193621,0.001274,0.313727,-0.654226,-0.409125,0.553336,83.0,3.0,4.0,APULL,28,Idle
4.13,-1.277303,1.935663,1.162611,0.472728,0.855508,0.211268,0.097401,0.294623,0.15119,0.31051,-0.663953,-0.405956,0.545848,83.0,3.0,4.0,APULL,28,Idle
4.14,-1.41739,1.920047,1.388414,0.479364,0.846448,0.231809,0.028357,0.111834,0.21268,0.306452,-0.67382,-0.402332,0.538686,83.0,3.0,4.0,APULL,28,Idle
4.15,-1.671624,1.920151,1.449997,0.486794,0.835711,0.254203,0.033577,-0.244402,0.093026,0.301181,-0.684224,-0.398672,0.531214,83.0,3.0,4.0,APULL,28,Idle
4.16,-1.847392,1.714146,1.427965,0.493759,0.824053,0.277739,0.127335,-0.219607,-0.029631,0.295024,-0.694509,-0.395635,0.523537,83.0,3.0,4.0,APULL,28,Idle
4.17,-1.975769,1.498234,1.591158,0.50151,0.810905,0.301532,0.120317,-0.020347,0.057858,0.287458,-0.704468,-0.393053,0.516335,83.0,3.0,4.0,APULL,28,Idle
4.18,-2.055079,1.268349,1.651095,0.510227,0.79652,0.324382,-0.004276,-0.083004,0.183079,0.279028,-0.714004,-0.390371,0.509855,83.0,3.0,4.0,APULL,28,Idle
4.19,-2.124053,1.256912,1.743541,0.519524,0.780528,0.347665,-0.113762,-0.063533,0.001411,0.269436,-0.723422,-0.387935,0.503559,83.0,3.0,4.0,APULL,28,Idle
4.2,-1.975271,1.32821,1.657015,0.528059,0.764248,0.370242,-0.174681,0.007099,-0.004794,0.260257,-0.732692,-0.385076,0.497137,83.0,3.0,4.0,APULL,28,Idle
4.21,-1.842673,1.150182,1.748396,0.536122,0.747853,0.391521,-0.114568,0.023158,0.051518,0.251298,-0.741478,-0.382061,0.491008,83.0,3.0,4.0,APULL,28,Idle
4.22,-1.870463,0.990176,1.891258,0.545344,0.730638,0.410814,-0.052669,-0.12021,0.065184,0.242048,-0.749814,-0.378399,0.485804,83.0,3.0,4.0,APULL,28,Idle
4.23,-2.162613,0.920186,1.944128,0.555245,0.711428,0.430783,-0.066979,-0.212801,0.124713,0.231467,-0.758155,-0.374957,0.480657,83.0,3.0,4.0,APULL,28,Idle
4.24,-2.270433,0.987055,2.039327,0.564933,0.690546,0.45166,-0.088432,-0.250422,0.13736,0.2201,-0.766664,-0.37156,0.475106,83.0,3.0,4.0,APULL,28,Idle
4.25,-2.269843,0.956985,2.080923,0.57459,0.668034,0.47284,-0.063558,-0.251484,0.059326,0.20808,-0.775256,-0.367965,0.469343,83.0,3.0,4.0,APULL,28,Idle
4.26,-2.438665,0.919823,2.095052,0.583721,0.644695,0.493597,0.000676,-0.166149,0.070459,0.195858,-0.783623,-0.364327,0.46351,83.0,3.0,4.0,APULL,28,Idle
4.27,-2.413462,0.876068,2.056957,0.592256,0.620118,0.514477,0.078429,-0.045579,0.055988,0.183116,-0.79185,-0.36085,0.457417,83.0,3.0,4.0,APULL,28,Idle
4.28,-2.191109,0.802476,1.963697,0.600158,0.595885,0.533603,0.089585,0.135301,0.074323,0.170775,-0.799436,-0.357356,0.451702,83.0,3.0,4.0,APULL,28,Idle
4.29,-2.041537,0.735017,1.912262,0.607348,0.572601,0.550687,0.050657,0.351654,0.136599,0.159216,-0.806365,-0.353722,0.446438,83.0,3.0,4.0,APULL,28,Idle
4.3,-1.6566,0.755824,1.728914,0.613522,0.551094,0.565586,0.043903,0.422494,0.017789,0.148968,-0.812658,-0.349829,0.441606,83.0,3.0,4.0,APULL,28,Idle
4.31,-1.408736,0.737882,1.568597,0.618046,0.532289,0.578522,0.094723,0.309111,0.041519,0.140487,-0.818286,-0.345932,0.437038,83.0,3.0,4.0,APULL,28,Idle
4.32,-1.289195,0.556649,1.556255,0.622389,0.51467,0.5897,0.192354,0.097253,0.096503,0.132652,-0.823331,-0.342017,0.433075,83.0,3.0,4.0,APULL,28,Idle
4.33,-0.915535,0.428715,1.328705,0.626943,0.498682,0.598548,0.239497,0.026053,0.05845,0.125625,-0.827657,-0.33802,0.430052,83.0,3.0,4.0,APULL,28,Idle
4.34,-1.26264,0.494343,0.727709,0.629951,0.485557,0.606132,0.226693,0.391945,0.099678,0.119357,-0.830757,-0.33602,0.42742,83.0,3.0,4.0,APULL,28,Idle
4.35,-0.880614,0.981333,0.468712,0.627479,0.474868,0.617067,0.358499,0.570008,0.126952,0.114802,-0.834251,-0.335497,0.422241,83.0,3.0,4.0,APULL,28,Idle
4.36,-0.228116,-0.20809,0.663154,0.627125,0.468749,0.622084,0.721035,0.39116,0.237916,0.112529,-0.836329,-0.33406,0.419875,83.0,3.0,4.0,APULL,28,Idle
4.37,0.069466,-0.555018,0.974119,0.633497,0.463005,0.619926,0.689318,0.143609,0.091912,0.109821,-0.836949,-0.330877,0.421873,83.0,3.0,4.0,APULL,28,Idle
4.38,-0.220362,-0.77558,0.655488,0.641713,0.457532,0.615524,0.188472,-0.219113,0.180466,0.106834,-0.836875,-0.327723,0.425235,83.0,3.0,4.0,APULL,28,Idle
4.39,-0.52828,-0.450607,0.321159,0.647443,0.452132,0.61351,-0.10008,-0.277984,0.083146,0.103288,-0.836621,-0.326834,0.42729,83.0,3.0,4.0,APULL,28,Idle
4.4,-0.859823,-0.558695,0.246765,0.651908,0.445763,0.613442,-0.146918,-0.157784,0.128333,0.098762,-0.836358,-0.327456,0.428398,83.0,3.0,4.0,APULL,28,Idle
4.41,-0.624634,-0.680286,0.181789,0.6564,0.439832,0.612933,-0.057157,-0.022748,-0.056841,0.094265,-0.835825,-0.328426,0.429706,83.0,3.0,4.0,APULL,28,Idle
4.42,-0.579612,-0.820843,0.184025,0.662005,0.435011,0.61034,-0.067172,-0.024854,0.023999,0.090109,-0.834704,-0.329302,0.4321,83.0,3.0,4.0,APULL,28,Idle
4.43,-0.588758,-0.745272,0.157345,0.667581,0.430194,0.607674,-0.111902,-0.041874,-0.00541,0.085959,-0.833569,-0.330151,0.434481,83.0,3.0,4.0,APULL,28,Idle
4.44,-0.456241,-0.748804,0.074566,0.672511,0.426161,0.605076,-0.037699,0.029283,-0.077976,0.082257,-0.832391,-0.331154,0.436688,83.0,3.0,4.0,APULL,28,Idle
4.45,-0.341271,-0.963358,0.153791,0.678143,0.423051,0.600958,0.053653,0.134185,-0.021734,0.078948,-0.830843,-0.331931,0.439646,83.0,3.0,4.0,APULL,28,Idle
4.46,0.004275,-1.089582,0.250704,0.685172,0.420436,0.594789,0.09292,0.14742,-0.091402,0.075977,-0.829014,-0.331859,0.443659,83.0,3.0,4.0,APULL,28,Idle
4.47,0.190451,-1.210273,0.225769,0.693094,0.419419,0.586266,0.036139,0.100326,-0.090813,0.073979,-0.826782,-0.331005,0.448769,83.0,3.0,4.0,APULL,28,Idle
4.48,0.232628,-1.209602,0.219927,0.701049,0.419051,0.576998,-0.038284,0.06888,-0.071871,0.07232,-0.82435,-0.330071,0.45417,83.0,3.0,4.0,APULL,28,Idle
4.49,0.210949,-1.308989,0.232171,0.709326,0.418683,0.567064,-0.043661,0.054797,-0.059282,0.070604,-0.821739,-0.329055,0.459873,83.0,3.0,4.0,APULL,28,Idle
4.5,0.278312,-1.280035,0.163504,0.717317,0.418599,0.556984,-0.009218,0.067805,-0.092033,0.069034,-0.819042,-0.32812,0.465556,83.0,3.0,4.0,APULL,28,Idle
4.51,0.339977,-1.210151,0.102065,0.724897,0.419325,0.546528,0.052539,0.057818,-0.022693,0.067879,-0.816171,-0.327306,0.471305,83.0,3.0,4.0,APULL,28,Idle
4.52,0.431805,-1.216431,0.230029,0.732037,0.420261,0.536193,0.084079,0.145916,0.249971,0.067119,-0.813461,-0.326156,0.476864,83.0,3.0,4.0,APULL,28,Idle
4.53,0.527709,-1.287036,0.39949,0.740071,0.420486,0.524868,0.099071,0.199097,0.286472,0.066277,-0.810794,-0.32411,0.48288,83.0,3.0,4.0,APULL,28,Idle
4.54,0.742565,-1.322921,0.405203,0.748549,0.420581,0.512627,0.18123,0.056805,-0.0084,0.065705,-0.808138,-0.321289,0.489254,83.0,3.0,4.0,APULL,28,Idle
4.55,1.056398,-1.557773,0.344283,0.757493,0.422313,0.497853,0.258529,0.003759,-0.100423,0.066106,-0.80486,-0.318003,0.496693,83.0,3.0,4.0,APULL,28,Idle
4.56,1.346266,-1.767133,0.42355,0.767288,0.425239,0.480043,0.217819,0.231606,-0.072938,0.067313,-0.800884,-0.314016,0.505418,83.0,3.0,4.0,APULL,28,Idle
4.57,1.678722,-1.699486,0.607841,0.777795,0.428173,0.460111,0.128836,0.303806,-0.104048,0.069228,-0.79674,-0.308644,0.514929,83.0,3.0,4.0,APULL,28,Idle
4.58,1.887267,-1.585922,0.624905,0.78793,0.431298,0.439488,0.015614,0.182746,0.035473,0.072252,-0.792815,-0.301974,0.524439,83.0,3.0,4.0,APULL,28,Idle
4.59,1.799562,-1.562716,0.563983,0.797436,0.434385,0.418815,0.011112,0.130358,0.065011,0.075536,-0.788805,-0.295288,0.533748,83.0,3.0,4.0,APULL,28,Idle
4.6,1.711461,-1.585304,0.60132,0.806366,0.436952,0.398557,0.109848,0.150039,0.047091,0.078636,-0.784755,-0.288855,0.542714,83.0,3.0,4.0,APULL,28,Idle
4.61,1.890107,-1.716166,0.95143,0.816081,0.437678,0.377427,0.179418,0.216344,-0.026322,0.081133,-0.78061,-0.281712,0.552,83.0,3.0,4.0,APULL,28,Idle
4.62,2.491898,-1.802868,1.324297,0.827595,0.436111,0.353404,0.133404,0.129654,-0.139887,0.083958,-0.776406,-0.271836,0.562361,83.0,3.0,4.0,APULL,28,Idle
4.63,3.040882,-1.823886,1.315396,0.83963,0.434381,0.32609,0.036667,0.05628,-0.169718,0.088521,-0.771821,-0.259493,0.573689,83.0,3.0,4.0,APULL,28,Idle
4.64,3.263886,-1.764563,1.194223,0.850722,0.433655,0.297013,-0.009901,0.139999,-0.063492,0.094796,-0.766708,-0.246302,0.585241,83.0,3.0,4.0,APULL,28,Idle
4.65,3.398013,-1.500377,1.206694,0.86055,0.432876,0.268462,-0.004883,0.256638,-0.012145,0.102057,-0.761635,-0.232686,0.596115,83.0,3.0,4.0,APULL,28,Idle
4.66,3.560622,-1.204201,1.336178,0.869481,0.430796,0.241699,0.01588,0.311788,0.050476,0.109966,-0.757153,-0.218101,0.605853,83.0,3.0,4.0,APULL,28,Idle
4.67,3.70276,-0.989227,1.468722,0.878026,0.426831,0.216531,0.054805,0.320361,0.110098,0.118253,-0.753216,-0.202315,0.614614,83.0,3.0,4.0,APULL,28,Idle
4.68,3.881428,-0.936248,1.524301,0.886363,0.421302,0.192004,0.086919,0.288049,0.152875,0.126943,-0.749398,-0.185484,0.622803,83.0,3.0,4.0,APULL,28,Idle
4.69,4.105316,-0.910835,1.519046,0.89444,0.414838,0.166991,0.111144,0.213092,0.089876,0.136239,-0.745196,-0.167865,0.630828,83.0,3.0,4.0,APULL,28,Idle
4.7,4.35523,-0.830611,1.417078,0.90185,0.408152,0.141702,0.122397,0.119314,0.019202,0.146645,-0.740602,-0.14953,0.63847,83.0,3.0,4.0,APULL,28,Idle
4.71,4.386806,-0.814251,1.26451,0.908354,0.401663,0.116446,0.140993,0.091242,-0.061544,0.157978,-0.735554,-0.131084,0.645616,83.0,3.0,4.0,APULL,28,Idle
4.72,4.380094,-0.763594,1.096018,0.913886,0.395477,0.091705,0.157739,0.108505,-0.155182,0.169743,-0.730099,-0.113174,0.652177,83.0,3.0,4.0,APULL,28,Idle
4.73,4.351939,-0.670118,0.962392,0.918494,0.389567,0.067867,0.139077,0.132772,-0.129406,0.181934,-0.72441,-0.095727,0.658002,83.0,3.0,4.0,APULL,28,Idle
4.74,4.328525,-0.615055,0.865395,0.922403,0.38358,0.045165,0.08956,0.161159,-0.009261,0.194312,-0.718607,-0.078659,0.663069,83.0,3.0,4.0,APULL,28,Idle
4.75,4.262552,-0.541518,0.793759,0.92575,0.377415,0.023355,0.023011,0.156353,0.074957,0.206781,-0.712629,-0.061946,0.667506,83.0,3.0,4.0,APULL,28,Idle
4.76,4.118197,-0.416599,0.748089,0.928715,0.370781,0.003132,-0.041249,0.101188,0.132122,0.218975,-0.706741,-0.045639,0.671181,83.0,3.0,4.0,APULL,28,Idle
4.77,3.819796,-0.29604,0.651551,0.931288,0.363983,-0.014832,-0.087324,0.022614,0.172959,0.23056,-0.701195,-0.030155,0.673987,83.0,3.0,4.0,APULL,28,Idle
4.78,3.412267,-0.212975,0.45957,0.933248,0.357952,-0.030295,-0.106985,-0.029628,0.161964,0.241309,-0.696123,-0.016266,0.675957,83.0,3.0,4.0,APULL,28,Idle
4.79,2.976767,-0.157402,0.228349,0.934412,0.353543,-0.043378,-0.101175,-0.04797,0.102445,0.251219,-0.691586,-0.004478,0.677184,83.0,3.0,4.0,APULL,28,Idle
4.8,2.632379,-0.13453,0.01136,0.934756,0.351074,-0.054571,-0.076632,-0.023773,0.038718,0.260472,-0.687522,0.005227,0.67782,83.0,3.0,4.0,APULL,28,Idle
4.81,2.486252,-0.162154,-0.109589,0.934471,0.350082,-0.064853,-0.052086,0.024765,0.049304,0.269426,-0.68366,0.0135,0.678112,83.0,3.0,4.0,APULL,28,Idle
4.82,2.473038,-0.22352,-0.136895,0.933881,0.34956,-0.075323,-0.04904,0.084233,0.084097,0.278317,-0.679625,0.021185,0.678381,83.0,3.0,4.0,APULL,28,Idle
4.83,2.61588,-0.281174,-0.107769,0.933248,0.348655,-0.086536,-0.068807,0.135826,0.075214,0.28737,-0.675196,0.029029,0.678739,83.0,3.0,4.0,APULL,28,Idle
4.84,2.841128,-0.363078,-0.101482,0.932585,0.347094,-0.099052,-0.099913,0.14726,0.057503,0.296975,-0.670126,0.037489,0.679214,83.0,3.0,4.0,APULL,28,Idle
4.85,2.982741,-0.434371,-0.115811,0.931785,0.345008,-0.112904,-0.132972,0.123422,0.053898,0.307178,-0.664372,0.046452,0.679775,83.0,3.0,4.0,APULL,28,Idle
4.86,3.003293,-0.476676,-0.143115,0.930787,0.342603,-0.127512,-0.158845,0.060901,0.064951,0.317682,-0.658149,0.055533,0.68032,83.0,3.0,4.0,APULL,28,Idle
4.87,2.879866,-0.483079,-0.166486,0.929603,0.340071,-0.142092,-0.169349,-0.00453,0.070346,0.328031,-0.651782,0.064294,0.680766,83.0,3.0,4.0,APULL,28,Idle
4.88,2.633281,-0.509016,-0.180607,0.928254,0.337604,-0.156104,-0.156403,-0.0517,0.101341,0.337784,-0.645538,0.072306,0.681142,83.0,3.0,4.0,APULL,28,Idle
4.89,2.367005,-0.548673,-0.188722,0.926752,0.335279,-0.169463,-0.13592,-0.074751,0.145355,0.346677,-0.639513,0.079322,0.681577,83.0,3.0,4.0,APULL,28,Idle
4.9,2.090629,-0.589271,-0.176431,0.925118,0.333094,-0.18222,-0.113931,-0.078913,0.184128,0.354655,-0.633726,0.085328,0.682151,83.0,3.0,4.0,APULL,28,Idle
4.91,1.875765,-0.620823,-0.161473,0.923401,0.330959,-0.194415,-0.092148,-0.064159,0.194095,0.361765,-0.628179,0.090459,0.682887,83.0,3.0,4.0,APULL,28,Idle
4.92,1.71158,-0.663659,-0.143089,0.921598,0.328799,-0.206274,-0.068189,-0.033022,0.22521,0.36821,-0.622777,0.094932,0.683783,83.0,3.0,4.0,APULL,28,Idle
4.93,1.574242,-0.687113,-0.10512,0.919741,0.326488,-0.217905,-0.043352,0.012074,0.26185,0.374072,-0.617467,0.098902,0.684852,83.0,3.0,4.0,APULL,28,Idle
4.94,1.474739,-0.707784,-0.066679,0.917897,0.323887,-0.229267,-0.017155,0.044506,0.290882,0.379427,-0.612248,0.102558,0.686053,83.0,3.0,4.0,APULL,28,Idle
4.95,1.326816,-0.733021,-0.023508,0.916048,0.32103,-0.240409,0.01512,0.071503,0.282447,0.38426,-0.607114,0.105867,0.687422,83.0,3.0,4.0,APULL,28,Idle
4.96,1.086957,-0.753698,0.022795,0.914208,0.318088,-0.251085,0.055564,0.073819,0.276629,0.388349,-0.602215,0.1086,0.689005,83.0,3.0,4.0,APULL,28,Idle
4.97,0.716786,-0.791329,0.074971,0.912384,0.315325,-0.261008,0.095627,0.047254,0.267463,0.39135,-0.597754,0.11039,0.690904,83.0,3.0,4.0,APULL,28,Idle
4.98,0.213518,-0.857514,0.144754,0.910526,0.313145,-0.269969,0.137524,0.003581,0.210506,0.392823,-0.593939,0.110687,0.693307,83.0,3.0,4.0,APULL,28,Idle
4.99,-0.121286,-0.923151,0.255703,0.908692,0.311304,-0.278153,0.165435,-0.066904,0.201432,0.392722,-0.590685,0.109611,0.696309,83.0,3.0,4.0,APULL,28,Idle
5.0,-0.283455,-0.982977,0.397802,0.907025,0.308879,-0.28618,0.15842,-0.173213,0.330462,0.391483,-0.587576,0.107999,0.69988,83.0,3.0,4.0,APULL,28,Idle
5.01,-0.505442,-1.092644,0.370072,0.90525,0.306434,-0.294315,0.141396,-0.181068,0.340839,0.389504,-0.584512,0.105775,0.703878,83.0,3.0,4.0,APULL,28,Idle
5.02,-0.694731,-1.235422,0.186249,0.902641,0.305698,-0.302965,0.14138,-0.053348,0.212343,0.387321,-0.581444,0.102178,0.708142,83.0,3.0,4.0,APULL,28,Idle
5.03,-0.657873,-1.305646,0.039313,0.899024,0.30694,-0.312321,0.147103,0.077551,0.1245,0.385582,-0.578211,0.097529,0.712381,83.0,3.0,4.0,APULL,28,Idle
5.04,-0.439832,-1.306755,0.031106,0.894966,0.308447,-0.322328,0.155861,0.13212,0.084184,0.384497,-0.574601,0.093108,0.716468,83.0,3.0,4.0,APULL,28,Idle
5.05,-0.14488,-1.297893,0.096681,0.890899,0.30885,-0.333031,0.17537,0.13219,0.039498,0.384024,-0.570467,0.089733,0.720445,83.0,3.0,4.0,APULL,28,Idle
5.06,0.001703,-1.348536,0.1345,0.886793,0.30797,-0.344605,0.19005,0.081785,0.080994,0.384034,-0.565745,0.08735,0.724445,83.0,3.0,4.0,APULL,28,Idle
5.07,-0.172569,-1.406047,0.078561,0.882303,0.307233,-0.356581,0.201941,0.037722,0.120085,0.384021,-0.560826,0.084758,0.728573,83.0,3.0,4.0,APULL,28,Idle
5.08,-0.476438,-1.422214,0.003878,0.877289,0.308072,-0.368043,0.183945,-0.008634,0.198838,0.38355,-0.55626,0.080952,0.732742,83.0,3.0,4.0,APULL,28,Idle
5.09,-0.672606,-1.341644,0.021152,0.872116,0.31024,-0.378371,0.137085,-0.094862,0.338058,0.382444,-0.552284,0.076134,0.736833,83.0,3.0,4.0,APULL,28,Idle
5.1,-0.719039,-1.247558,0.046165,0.867299,0.312588,-0.387405,0.099621,-0.188351,0.410446,0.380835,-0.548845,0.071181,0.740721,83.0,3.0,4.0,APULL,28,Idle
5.11,-0.698636,-1.222237,-0.073119,0.862457,0.315434,-0.395815,0.106629,-0.146107,0.309694,0.37931,-0.545633,0.066163,0.744333,83.0,3.0,4.0,APULL,28,Idle
5.12,-0.546125,-1.235327,-0.239504,0.857043,0.319326,-0.404362,0.13516,-0.011465,0.236805,0.378589,-0.542301,0.06106,0.747563,83.0,3.0,4.0,APULL,28,Idle
5.13,-0.326259,-1.176046,-0.302569,0.851166,0.323537,-0.413328,0.152771,0.09315,0.207639,0.3788,-0.538667,0.056337,0.75045,83.0,3.0,4.0,APULL,28,Idle
5.14,0.043785,-1.078496,-0.222838,0.84562,0.326442,-0.422331,0.148658,0.12235,0.223722,0.379726,-0.534819,0.052941,0.752977,83.0,3.0,4.0,APULL,28,Idle
5.15,0.317689,-1.106947,-0.064296,0.8405,0.326893,-0.432089,0.147431,0.095882,0.207708,0.381046,-0.530412,0.051175,0.755545,83.0,3.0,4.0,APULL,28,Idle
5.16,0.572344,-1.098647,0.057848,0.835688,0.32491,-0.442785,0.112859,0.006267,0.216406,0.382474,-0.525387,0.050756,0.758358,83.0,3.0,4.0,APULL,28,Idle
5.17,0.741638,-1.008363,0.022098,0.831108,0.321493,-0.453764,0.039986,-0.093496,0.289778,0.384288,-0.520074,0.051391,0.761055,83.0,3.0,4.0,APULL,28,Idle
5.18,0.698057,-0.843052,-0.040018,0.826842,0.318233,-0.463746,-0.017394,-0.096003,0.289857,0.386462,-0.515155,0.052372,0.76323,83.0,3.0,4.0,APULL,28,Idle
5.19,0.522951,-0.695752,-0.006414,0.823187,0.31559,-0.471981,-0.042822,-0.071312,0.274395,0.388341,-0.511061,0.053167,0.764972,83.0,3.0,4.0,APULL,28,Idle
5.2,0.463508,-0.633282,0.079925,0.820208,0.313001,-0.478842,-0.042437,-0.052182,0.222357,0.389584,-0.507624,0.053825,0.76658,83.0,3.0,4.0,APULL,28,Idle
5.21,0.576101,-0.628834,0.129597,0.817539,0.309633,-0.485548,-0.04755,-0.04175,0.189467,0.390628,-0.5042,0.054851,0.768234,83.0,3.0,4.0,APULL,28,Idle
5.22,0.709113,-0.59991,0.137482,0.814995,0.305396,-0.49246,-0.074699,-0.005546,0.149885,0.391879,-0.500581,0.056465,0.769845,83.0,3.0,4.0,APULL,28,Idle
5.23,0.895108,-0.547983,0.139796,0.812636,0.300314,-0.499434,-0.10916,0.034998,0.10861,0.393489,-0.496818,0.058779,0.771287,83.0,3.0,4.0,APULL,28,Idle
5.24,1.136513,-0.471172,0.147659,0.81055,0.294081,-0.506484,-0.143054,0.054964,0.08055,0.395583,-0.492858,0.06204,0.7725,83.0,3.0,4.0,APULL,28,Idle
5.25,1.396164,-0.360573,0.180316,0.808965,0.286325,-0.513414,-0.17542,0.061286,0.073839,0.398193,-0.488741,0.066525,0.773401,83.0,3.0,4.0,APULL,28,Idle
5.26,1.58456,-0.216234,0.235661,0.808148,0.276962,-0.519797,-0.201092,0.057602,0.081336,0.401116,-0.484645,0.07225,0.773954,83.0,3.0,4.0,APULL,28,Idle
5.27,1.639939,-0.076368,0.265044,0.808238,0.266499,-0.525099,-0.216869,0.046855,0.093443,0.404069,-0.480864,0.078866,0.774131,83.0,3.0,4.0,APULL,28,Idle
5.28,1.564177,0.042035,0.244111,0.809086,0.256064,-0.528971,-0.22144,0.037042,0.083521,0.406878,-0.477672,0.085697,0.77391,83.0,3.0,4.0,APULL,28,Idle
5.29,1.405426,0.151896,0.210967,0.810443,0.24646,-0.531451,-0.209964,0.022019,0.072818,0.409466,-0.47515,0.092233,0.773346,83.0,3.0,4.0,APULL,28,Idle
5.3,1.192566,0.188559,0.194016,0.811971,0.237971,-0.532985,-0.187993,-0.00503,0.058208,0.411662,-0.473164,0.098098,0.772675,83.0,3.0,4.0,APULL,28,Idle
5.31,1.010983,0.19738,0.178235,0.813494,0.230616,-0.533895,-0.157961,-0.031321,0.021887,0.413433,-0.471597,0.103191,0.772024,83.0,3.0,4.0,APULL,28,Idle
5.32,0.81843,0.225606,0.163881,0.815059,0.224347,-0.53418,-0.135157,-0.044491,0.001816,0.414806,-0.470466,0.107572,0.771379,83.0,3.0,4.0,APULL,28,Idle
5.33,0.728075,0.199943,0.151382,0.816608,0.219016,-0.534025,-0.131122,-0.037909,-0.004884,0.415884,-0.469669,0.111347,0.770748,83.0,3.0,4.0,APULL,28,Idle
5.34,0.60791,0.18559,0.168516,0.81804,0.214177,-0.533796,-0.115312,-0.016484,-0.069079,0.416735,-0.468981,0.114711,0.770214,83.0,3.0,4.0,APULL,28,Idle
5.35,0.546144,0.164743,0.187665,0.81936,0.20968,-0.533557,-0.119165,-0.009652,-0.084912,0.417282,-0.46837,0.11769,0.76984,83.0,3.0,4.0,APULL,28,Idle
5.36,0.532521,0.174976,0.154451,0.820663,0.205388,-0.533225,-0.135086,-0.010884,-0.123666,0.417776,-0.467822,0.12054,0.769464,83.0,3.0,4.0,APULL,28,Idle
5.37,0.512606,0.189475,0.104747,0.82192,0.201569,-0.532746,-0.144002,-0.012238,-0.167556,0.418405,-0.467375,0.123239,0.768967,83.0,3.0,4.0,APULL,28,Idle
5.38,0.468827,0.184341,0.102819,0.823145,0.198125,-0.532146,-0.128137,-0.022389,-0.204747,0.419054,-0.467021,0.125771,0.768418,83.0,3.0,4.0,APULL,28,Idle
5.39,0.387407,0.156455,0.121577,0.824309,0.194922,-0.531527,-0.094893,-0.04737,-0.227217,0.419519,-0.466732,0.128055,0.767963,83.0,3.0,4.0,APULL,28,Idle
5.4,0.276556,0.100029,0.121707,0.825237,0.192136,-0.531101,-0.065944,-0.083218,-0.263607,0.419746,-0.46645,0.129898,0.767701,83.0,3.0,4.0,APULL,28,Idle
5.41,0.170004,0.074723,0.099588,0.825944,0.19007,-0.530744,-0.027406,-0.097007,-0.318438,0.419763,-0.466282,0.131183,0.767575,83.0,3.0,4.0,APULL,28,Idle
5.42,0.117509,0.051422,0.059693,0.826421,0.188672,-0.530501,-0.000768,-0.127195,-0.333406,0.419747,-0.466172,0.132036,0.767504,83.0,3.0,4.0,APULL,28,Idle
5.43,0.115022,0.016416,0.023991,0.826705,0.187755,-0.530383,0.010193,-0.141598,-0.307919,0.419825,-0.466065,0.132636,0.767424,83.0,3.0,4.0,APULL,28,Idle
5.44,0.156702,-0.010322,0.022097,0.82676,0.186915,-0.530595,0.003501,-0.134211,-0.252318,0.420057,-0.465794,0.133186,0.767366,83.0,3.0,4.0,APULL,28,Idle
5.45,0.207978,0.002532,0.037014,0.826795,0.1857,-0.530966,-0.007673,-0.104752,-0.17579,0.42037,-0.465376,0.133948,0.767315,83.0,3.0,4.0,APULL,28,Idle
5.46,0.172349,0.047963,0.034864,0.827005,0.184357,-0.531108,-0.02775,-0.063705,-0.114644,0.420666,-0.465042,0.13484,0.767199,83.0,3.0,4.0,APULL,28,Idle
5.47,0.033899,0.104854,0.011923,0.82747,0.183614,-0.530641,-0.058991,-0.04511,-0.064803,0.420779,-0.465111,0.135468,0.766984,83.0,3.0,4.0,APULL,28,Idle
5.48,-0.171391,0.151493,-0.016423,0.82815,0.184017,-0.529438,-0.090525,-0.058163,-0.032482,0.420553,-0.465756,0.13547,0.766717,83.0,3.0,4.0,APULL,28,Idle
5.49,-0.325411,0.166324,-0.001876,0.828997,0.185486,-0.527598,-0.111666,-0.094208,-0.001089,0.419895,-0.466937,0.134801,0.766477,83.0,3.0,4.0,APULL,28,Idle
5.5,-0.384446,0.18176,-0.003983,0.829915,0.187422,-0.525465,-0.122594,-0.124358,0.004789,0.418944,-0.468372,0.133773,0.766302,83.0,3.0,4.0,APULL,28,Idle
5.51,-0.363001,0.229431,-0.026973,0.830961,0.189547,-0.523045,-0.12457,-0.104647,-0.009868,0.417967,-0.469965,0.132702,0.766046,83.0,3.0,4.0,APULL,28,Idle
5.52,-0.261411,0.282335,-0.041216,0.832244,0.191473,-0.520297,-0.118834,-0.082754,-0.014554,0.417193,-0.471633,0.131961,0.765571,83.0,3.0,4.0,APULL,28,Idle
5.53,-0.149324,0.358429,-0.02807,0.833828,0.19282,-0.517253,-0.12434,-0.075037,-0.023686,0.416646,-0.473297,0.13177,0.764875,83.0,3.0,4.0,APULL,28,Idle
5.54,-0.095791,0.446188,-0.006005,0.835864,0.193603,-0.513663,-0.14635,-0.09494,-0.016916,0.416179,-0.475096,0.132107,0.763954,83.0,3.0,4.0,APULL,28,Idle
5.55,-0.100926,0.486575,0.021143,0.838284,0.194019,-0.509546,-0.17709,-0.142475,-0.007635,0.415616,-0.47708,0.132745,0.762913,83.0,3.0,4.0,APULL,28,Idle
5.56,-0.155467,0.466579,0.060975,0.840806,0.194326,-0.505255,-0.197069,-0.198064,-0.002329,0.414833,-0.479155,0.133353,0.761933,83.0,3.0,4.0,APULL,28,Idle
5.57,-0.194822,0.411398,0.095109,0.843186,0.19455,-0.501186,-0.204804,-0.232209,0.00378,0.41382,-0.481152,0.133791,0.761148,83.0,3.0,4.0,APULL,28,Idle
5.58,-0.191335,0.385985,0.111954,0.845372,0.194643,-0.497454,-0.192174,-0.209307,-0.009565,0.412687,-0.482995,0.134122,0.760537,83.0,3.0,4.0,APULL,28,Idle
5.59,-0.145976,0.383076,0.117238,0.847519,0.194509,-0.493841,-0.159011,-0.157872,-0.013499,0.411573,-0.484743,0.134551,0.759953,83.0,3.0,4.0,APULL,28,Idle
5.6,-0.050635,0.397876,0.112142,0.849682,0.193988,-0.490315,-0.12489,-0.104739,-0.017848,0.41063,-0.486356,0.13528,0.759303,83.0,3.0,4.0,APULL,28,Idle
5.61,0.045182,0.398827,0.081061,0.851825,0.193169,-0.486908,-0.103687,-0.059639,-0.02362,0.409979,-0.487812,0.136327,0.758533,83.0,3.0,4.0,APULL,28,Idle
5.62,0.097106,0.40756,0.031802,0.853893,0.192311,-0.483614,-0.089336,-0.025441,-0.032926,0.409662,-0.489148,0.137576,0.757617,83.0,3.0,4.0,APULL,28,Idle
5.63,0.108296,0.429075,-0.017195,0.855927,0.19174,-0.480234,-0.077027,-0.012709,-0.045584,0.4096,-0.490514,0.138849,0.756535,83.0,3.0,4.0,APULL,28,Idle
5.64,0.061896,0.445787,-0.059029,0.857942,0.191635,-0.476668,-0.069001,-0.03331,-0.054827,0.409649,-0.492007,0.139982,0.755329,83.0,3.0,4.0,APULL,28,Idle
5.65,-0.021889,0.4373,-0.107851,0.859896,0.192232,-0.472891,-0.06447,-0.071734,-0.065271,0.409704,-0.493696,0.140777,0.754048,83.0,3.0,4.0,APULL,28,Idle
5.66,-0.177458,0.445762,-0.156634,0.861712,0.193812,-0.468923,-0.052722,-0.094157,-0.061808,0.40966,-0.495639,0.140999,0.752755,83.0,3.0,4.0,APULL,28,Idle
5.67,-0.300121,0.421628,-0.1981,0.863351,0.196455,-0.464791,-0.034875,-0.104887,-0.060905,0.409437,-0.497851,0.140532,0.751503,83.0,3.0,4.0,APULL,28,Idle
5.68,-0.320133,0.359565,-0.232183,0.864701,0.199748,-0.460861,-0.020844,-0.115474,-0.04625,0.409203,-0.500076,0.139618,0.750322,83.0,3.0,4.0,APULL,28,Idle
5.69,-0.262339,0.321758,-0.27186,0.865707,0.203245,-0.45743,-0.008041,-0.092939,-0.022443,0.409184,-0.502077,0.138576,0.749189,83.0,3.0,4.0,APULL,28,Idle
5.7,-0.183078,0.352471,-0.294735,0.866631,0.20673,-0.454107,-0.004601,-0.049443,-0.001245,0.409448,-0.503971,0.137693,0.747934,83.0,3.0,4.0,APULL,28,Idle
5.71,-0.082624,0.415107,-0.321574,0.86771,0.210007,-0.45053,-0.008289,-0.034058,0.001296,0.410004,-0.505878,0.137197,0.746433,83.0,3.0,4.0,APULL,28,Idle
5.72,0.010732,0.476541,-0.345066,0.869004,0.213072,-0.446578,-0.012269,-0.048735,-0.001771,0.41086,-0.507843,0.137136,0.744636,83.0,3.0,4.0,APULL,28,Idle
5.73,0.045735,0.520662,-0.365158,0.870455,0.216027,-0.442312,-0.021395,-0.082482,-0.001673,0.411924,-0.509875,0.137374,0.742614,83.0,3.0,4.0,APULL,28,Idle
5.74,0.058725,0.542146,-0.377662,0.872004,0.219005,-0.437773,-0.026484,-0.115992,-0.001497,0.413072,-0.511997,0.137741,0.740445,83.0,3.0,4.0,APULL,28,Idle
5.75,0.073229,0.554194,-0.387999,0.873551,0.222073,-0.43312,-0.024063,-0.135418,-0.011735,0.414288,-0.514157,0.138138,0.738191,83.0,3.0,4.0,APULL,28,Idle
5.76,0.088926,0.564804,-0.387011,0.875085,0.22509,-0.428439,-0.016641,-0.136727,-0.018079,0.415545,-0.516302,0.138609,0.735895,83.0,3.0,4.0,APULL,28,Idle
5.77,0.0976,0.576864,-0.375412,0.876667,0.228034,-0.423622,-0.004673,-0.127661,-0.024178,0.416779,-0.518484,0.139152,0.733558,83.0,3.0,4.0,APULL,28,Idle
5.78,0.089063,0.569413,-0.400627,0.878199,0.231044,-0.418791,-0.006876,-0.121791,-0.025117,0.41804,-0.520665,0.139686,0.73119,83.0,3.0,4.0,APULL,28,Idle
5.79,0.093856,0.545828,-0.424587,0.879572,0.234315,-0.414064,-0.007532,-0.103792,-0.020567,0.419388,-0.522819,0.140102,0.728798,83.0,3.0,4.0,APULL,28,Idle
5.8,0.173944,0.514741,-0.424656,0.880736,0.23753,-0.409736,0.002672,-0.083783,-0.011131,0.420908,-0.52476,0.140565,0.726433,83.0,3.0,4.0,APULL,28,Idle
5.81,0.282567,0.482801,-0.416109,0.881774,0.240295,-0.405872,0.021241,-0.046234,-0.017391,0.422674,-0.526389,0.141344,0.724074,83.0,3.0,4.0,APULL,28,Idle
5.82,0.447034,0.445114,-0.423019,0.882627,0.242533,-0.402675,0.027728,-0.01829,-0.037526,0.424816,-0.527588,0.142524,0.721712,83.0,3.0,4.0,APULL,28,Idle
5.83,0.593097,0.423681,-0.43136,0.883332,0.244202,-0.400113,0.022125,-0.015519,-0.034381,0.427428,-0.528343,0.14421,0.719279,83.0,3.0,4.0,APULL,28,Idle
5.84,0.669895,0.427217,-0.456916,0.883945,0.245579,-0.39791,0.011502,-0.0266,-0.039986,0.430399,-0.528827,0.146242,0.716737,83.0,3.0,4.0,APULL,28,Idle
5.85,0.633888,0.430009,-0.507274,0.884465,0.2472,-0.395745,0.000682,-0.043511,-0.042045,0.433554,-0.529287,0.148267,0.714075,83.0,3.0,4.0,APULL,28,Idle
5.86,0.584135,0.38192,-0.522799,0.884795,0.249372,-0.393639,0.007951,-0.064893,-0.048621,0.436698,-0.529806,0.149953,0.711417,83.0,3.0,4.0,APULL,28,Idle
5.87,0.602094,0.332645,-0.521119,0.884904,0.251678,-0.391922,0.033736,-0.09436,-0.032623,0.43985,-0.530188,0.151458,0.708868,83.0,3.0,4.0,APULL,28,Idle
5.88,0.655783,0.290344,-0.53659,0.88476,0.253886,-0.390823,0.043555,-0.096476,0.013336,0.44316,-0.530275,0.152961,0.706414,83.0,3.0,4.0,APULL,28,Idle
5.89,0.739773,0.247652,-0.59008,0.884387,0.256137,-0.390197,0.051084,-0.053683,0.093277,0.44679,-0.530112,0.154539,0.703901,83.0,3.0,4.0,APULL,28,Idle
5.9,0.783977,0.260649,-0.61726,0.883801,0.258492,-0.389972,0.073887,0.011741,0.113574,0.450767,-0.529732,0.156199,0.701281,83.0,3.0,4.0,APULL,28,Idle
5.91,0.780424,0.320735,-0.553874,0.883385,0.260676,-0.389459,0.093543,0.037664,0.079645,0.454678,-0.529435,0.158015,0.698568,83.0,3.0,4.0,APULL,28,Idle
5.92,0.947819,0.400679,-0.557691,0.883401,0.262108,-0.388462,0.083915,-0.029884,0.022205,0.458534,-0.529185,0.160411,0.695685,83.0,3.0,4.0,APULL,28,Idle
5.93,0.896814,0.356398,-0.876209,0.883021,0.264631,-0.387613,0.066426,-0.013242,0.087274,0.463201,-0.528876,0.162738,0.69228,83.0,3.0,4.0,APULL,28,Idle
5.94,0.637893,0.282474,-1.138644,0.881535,0.270752,-0.386769,0.123653,0.181137,0.067799,0.468476,-0.529073,0.163393,0.688415,83.0,3.0,4.0,APULL,28,Idle
5.95,0.880797,0.251877,-1.119625,0.879411,0.277989,-0.386469,0.214247,0.251461,-0.042547,0.474103,-0.529187,0.163483,0.684442,83.0,3.0,4.0,APULL,28,Idle
5.96,1.271925,0.241026,-1.070596,0.877315,0.283355,-0.387336,0.276021,0.248048,-0.191139,0.480503,-0.528332,0.164914,0.680283,83.0,3.0,4.0,APULL,28,Idle
5.97,1.372784,0.173696,-1.149606,0.874997,0.287797,-0.389298,0.282107,0.267608,-0.287002,0.487614,-0.52672,0.167085,0.67593,83.0,3.0,4.0,APULL,28,Idle
5.98,1.221907,0.02282,-1.272517,0.871877,0.293245,-0.392221,0.26591,0.239134,-0.344946,0.495056,-0.524855,0.168571,0.671588,83.0,3.0,4.0,APULL,28,Idle
5.99,0.795694,-0.085282,-1.31897,0.867888,0.3005,-0.395564,0.259462,0.165122,-0.394399,0.502139,-0.523273,0.168533,0.667562,83.0,3.0,4.0,APULL,28,Idle
6.0,0.04156,-0.192948,-1.330097,0.863303,0.310183,-0.398113,0.23414,0.094281,-0.361195,0.507792,-0.522806,0.166185,0.664232,83.0,3.0,4.0,APULL,28,Idle
6.01,-0.756809,-0.258953,-1.404407,0.8581,0.323219,-0.398991,0.161431,0.003716,-0.294033,0.511531,-0.524043,0.160884,0.661688,83.0,3.0,4.0,APULL,28,Idle
6.02,-1.386493,-0.317441,-1.480871,0.852161,0.339793,-0.397948,0.053936,-0.113886,-0.220659,0.513662,-0.526957,0.152782,0.65964,83.0,3.0,4.0,APULL,28,Idle
6.03,-1.727762,-0.328636,-1.448342,0.845739,0.358474,-0.39525,-0.051595,-0.212187,-0.117704,0.514575,-0.530999,0.142881,0.657904,83.0,3.0,4.0,APULL,28,Idle
6.04,-1.729848,-0.2806,-1.311169,0.83944,0.376922,-0.391497,-0.139459,-0.247802,-0.006864,0.514643,-0.535401,0.132657,0.656423,83.0,3.0,4.0,APULL,28,Idle
6.05,-1.334998,-0.175332,-1.160529,0.833811,0.393196,-0.3875,-0.205103,-0.210456,0.095127,0.514644,-0.5394,0.123685,0.654898,83.0,3.0,4.0,APULL,28,Idle
6.06,-0.648548,-0.053159,-1.029165,0.828975,0.40613,-0.384525,-0.236415,-0.099825,0.151661,0.515574,-0.542232,0.117141,0.653028,83.0,3.0,4.0,APULL,28,Idle
6.07,0.083245,0.140247,-0.894886,0.825177,0.415134,-0.383076,-0.219433,0.063077,0.209325,0.517927,-0.543625,0.113726,0.650607,83.0,3.0,4.0,APULL,28,Idle
6.08,0.710956,0.405965,-0.782958,0.822716,0.420461,-0.382559,-0.186577,0.202754,0.252066,0.521592,-0.543915,0.113474,0.647473,83.0,3.0,4.0,APULL,28,Idle
6.09,1.143393,0.626686,-0.738582,0.821539,0.423062,-0.38222,-0.145208,0.261584,0.264621,0.526307,-0.543569,0.115854,0.643514,83.0,3.0,4.0,APULL,28,Idle
6.1,1.340161,0.747198,-0.74665,0.821054,0.424317,-0.381871,-0.077218,0.261321,0.191594,0.531689,-0.542893,0.119716,0.638939,83.0,3.0,4.0,APULL,28,Idle
6.11,1.380491,0.779724,-0.771633,0.820762,0.425335,-0.381365,0.007027,0.232777,0.103304,0.537356,-0.542147,0.124071,0.63398,83.0,3.0,4.0,APULL,28,Idle
6.12,1.314816,0.780617,-0.768335,0.820464,0.426493,-0.380714,0.069124,0.173437,0.004738,0.54298,-0.541442,0.128389,0.628912,83.0,3.0,4.0,APULL,28,Idle
6.13,1.132255,0.730432,-0.742685,0.820106,0.42805,-0.379736,0.075585,0.095769,-0.069742,0.548194,-0.540962,0.132259,0.62398,83.0,3.0,4.0,APULL,28,Idle
6.14,0.919119,0.658627,-0.731799,0.819595,0.430185,-0.378425,0.065262,0.01351,-0.136224,0.552795,-0.540794,0.135387,0.619379,83.0,3.0,4.0,APULL,28,Idle
6.15,0.728351,0.594587,-0.716884,0.818825,0.433015,-0.37686,0.057731,-0.058259,-0.168992,0.556835,-0.540933,0.137702,0.615114,83.0,3.0,4.0,APULL,28,Idle
6.16,0.573746,0.528466,-0.690864,0.817886,0.436336,-0.375065,0.058045,-0.107799,-0.190685,0.56036,-0.541336,0.139364,0.611171,83.0,3.0,4.0,APULL,28,Idle
6.17,0.430294,0.464249,-0.650696,0.816787,0.439941,-0.373243,0.073197,-0.113067,-0.189455,0.563427,-0.541892,0.140466,0.607595,83.0,3.0,4.0,APULL,28,Idle
6.18,0.311568,0.411342,-0.59233,0.815675,0.44364,-0.371293,0.081329,-0.08866,-0.180587,0.566005,-0.542617,0.141141,0.604388,83.0,3.0,4.0,APULL,28,Idle
6.19,0.25523,0.363996,-0.519428,0.814645,0.447101,-0.369397,0.063422,-0.073978,-0.157352,0.568165,-0.543373,0.141588,0.60157,83.0,3.0,4.0,APULL,28,Idle
6.2,0.310223,0.256505,-0.464244,0.813574,0.450043,-0.368184,0.041635,-0.05484,-0.152965,0.570169,-0.543835,0.141958,0.599165,83.0,3.0,4.0,APULL,28,Idle
6.21,0.505751,0.196428,-0.398789,0.812449,0.452078,-0.368175,0.035528,0.015238,-0.136357,0.572389,-0.543666,0.142619,0.597041,83.0,3.0,4.0,APULL,28,Idle
6.22,0.780382,0.176585,-0.276486,0.811628,0.452341,-0.36966,0.007998,0.058523,-0.08078,0.575011,-0.542568,0.144188,0.59514,83.0,3.0,4.0,APULL,28,Idle
6.23,0.941806,0.141035,-0.230393,0.8111,0.451078,-0.37235,-0.038197,0.106646,-0.066981,0.578,-0.540684,0.146579,0.593373,83.0,3.0,4.0,APULL,28,Idle
6.24,1.021137,0.104005,-0.164828,0.81065,0.448967,-0.375867,-0.075817,0.118737,-0.058566,0.581177,-0.538301,0.149328,0.591749,83.0,3.0,4.0,APULL,28,Idle
6.25,1.039014,0.015168,-0.086707,0.810302,0.446027,-0.380093,-0.085693,0.080219,-0.057208,0.584301,-0.535516,0.152237,0.590457,83.0,3.0,4.0,APULL,28,Idle
6.26,0.972236,-0.114759,-0.032712,0.809839,0.44261,-0.385042,-0.062127,0.069063,-0.060926,0.587227,-0.532426,0.154923,0.589649,83.0,3.0,4.0,APULL,28,Idle
6.27,0.880793,-0.283149,0.01511,0.809007,0.43905,-0.390822,-0.017976,0.098898,-0.092744,0.589883,-0.52908,0.157045,0.589449,83.0,3.0,4.0,APULL,28,Idle
6.28,0.833854,-0.483426,0.105148,0.807744,0.435204,-0.397676,0.022151,0.123344,-0.134718,0.592283,-0.525366,0.158596,0.589948,83.0,3.0,4.0,APULL,28,Idle
6.29,0.844996,-0.749282,0.218053,0.805968,0.430502,-0.406304,0.055757,0.110315,-0.21543,0.594496,-0.520913,0.159678,0.591377,83.0,3.0,4.0,APULL,28,Idle
6.3,0.872492,-1.070635,0.218135,0.803164,0.425135,-0.417358,0.092527,0.138311,-0.304886,0.59679,-0.515454,0.160088,0.593735,83.0,3.0,4.0,APULL,28,Idle
6.31,0.904511,-1.379812,0.044072,0.798528,0.420244,-0.430986,0.159312,0.279142,-0.38037,0.599646,-0.509013,0.159415,0.596588,83.0,3.0,4.0,APULL,28,Idle
6.32,0.913384,-1.641929,-0.150884,0.791628,0.416705,-0.446858,0.261823,0.466306,-0.39619,0.603315,-0.501785,0.157426,0.599533,83.0,3.0,4.0,APULL,28,Idle
6.33,0.988366,-1.925973,-0.277357,0.782589,0.414082,-0.464856,0.349675,0.556637,-0.381884,0.607728,-0.493712,0.15434,0.602574,83.0,3.0,4.0,APULL,28,Idle
6.34,1.033637,-2.25243,-0.384343,0.771265,0.411824,-0.485336,0.409719,0.553828,-0.374451,0.612813,-0.48453,0.15021,0.605911,83.0,3.0,4.0,APULL,28,Idle
6.35,0.976237,-2.56301,-0.475504,0.757499,0.410083,-0.507964,0.453958,0.508572,-0.360245,0.618338,-0.474387,0.144827,0.609623,83.0,3.0,4.0,APULL,28,Idle
6.36,0.756468,-2.846697,-0.588997,0.741219,0.409487,-0.531897,0.495887,0.417066,-0.331613,0.623934,-0.463736,0.137842,0.613723,83.0,3.0,4.0,APULL,28,Idle
6.37,0.392997,-3.135749,-0.789501,0.722095,0.411331,-0.556225,0.529217,0.305054,-0.314335,0.629379,-0.453134,0.128674,0.618057,83.0,3.0,4.0,APULL,28,Idle
6.38,-0.061192,-3.422322,-1.052707,0.699602,0.416907,-0.580297,0.560972,0.218195,-0.317179,0.634628,-0.442968,0.11675,0.622411,83.0,3.0,4.0,APULL,28,Idle
6.39,-0.587706,-3.670921,-1.338557,0.673466,0.427054,-0.603381,0.599804,0.205667,-0.295727,0.639626,-0.433532,0.101781,0.626554,83.0,3.0,4.0,APULL,28,Idle
6.4,-1.050278,-3.872315,-1.534319,0.643993,0.441706,-0.624635,0.623967,0.217,-0.278532,0.644142,-0.425013,0.083941,0.630395,83.0,3.0,4.0,APULL,28,Idle
6.41,-1.444534,-4.029966,-1.717745,0.611534,0.459827,-0.643884,0.627328,0.187375,-0.287391,0.648117,-0.417122,0.063776,0.633945,83.0,3.0,4.0,APULL,28,Idle
6.42,-1.899913,-4.1597,-1.971487,0.576048,0.481727,-0.660384,0.620409,0.183785,-0.278138,0.651601,-0.410004,0.041288,0.636874,83.0,3.0,4.0,APULL,28,Idle
6.43,-2.333673,-4.288331,-2.29854,0.537299,0.507786,-0.673397,0.603387,0.16827,-0.275715,0.654687,-0.403774,0.016363,0.638814,83.0,3.0,4.0,APULL,28,Idle
6.44,-2.713856,-4.403103,-2.714075,0.494608,0.537918,-0.682647,0.586233,0.192993,-0.289582,0.657698,-0.398188,-0.011061,0.639341,83.0,3.0,4.0,APULL,28,Idle
6.45,-2.941969,-4.480185,-3.038123,0.448065,0.57102,-0.687876,0.571878,0.27595,-0.270253,0.660724,-0.392962,-0.040533,0.638265,83.0,3.0,4.0,APULL,28,Idle
6.46,-3.015273,-4.516251,-3.296343,0.398327,0.605045,-0.689388,0.551884,0.321789,-0.263798,0.663741,-0.387607,-0.071182,0.635721,83.0,3.0,4.0,APULL,28,Idle
6.47,-2.923957,-4.554446,-3.562649,0.345635,0.638404,-0.687733,0.521522,0.372872,-0.265499,0.666907,-0.381642,-0.102387,0.631745,83.0,3.0,4.0,APULL,28,Idle
6.48,-2.691203,-4.515923,-3.842305,0.290173,0.669548,-0.683744,0.498523,0.426278,-0.280612,0.670567,-0.374584,-0.133474,0.626268,83.0,3.0,4.0,APULL,28,Idle
6.49,-2.317274,-4.423985,-4.061883,0.232572,0.697039,-0.678268,0.471652,0.443693,-0.282945,0.674914,-0.366146,-0.163718,0.619375,83.0,3.0,4.0,APULL,28,Idle
6.5,-1.957886,-4.277212,-4.250476,0.173587,0.719916,-0.672003,0.43826,0.449762,-0.274484,0.679984,-0.356241,-0.192589,0.611247,83.0,3.0,4.0,APULL,28,Idle
6.51,-1.610574,-4.125578,-4.419531,0.113747,0.738139,-0.664991,0.398551,0.443746,-0.262469,0.685658,-0.345097,-0.220029,0.601971,83.0,3.0,4.0,APULL,28,Idle
6.52,-1.294519,-3.960384,-4.568929,0.053418,0.751518,-0.657546,0.379947,0.427239,-0.226929,0.691911,-0.332773,-0.245944,0.591635,83.0,3.0,4.0,APULL,28,Idle
6.53,-0.921131,-3.813728,-4.666661,-0.007029,0.759893,-0.65001,0.380793,0.388193,-0.193877,0.698643,-0.31928,-0.270288,0.580433,83.0,3.0,4.0,APULL,28,Idle
6.54,-0.429511,-3.669703,-4.727026,-0.067125,0.762512,-0.643483,0.403947,0.339752,-0.15382,0.70583,-0.304246,-0.292734,0.56881,83.0,3.0,4.0,APULL,28,Idle
6.55,0.051781,-3.504645,-4.721483,-0.126234,0.759154,-0.638553,0.417189,0.317293,-0.078915,0.713435,-0.287626,-0.313041,0.557034,83.0,3.0,4.0,APULL,28,Idle
6.56,0.608508,-3.406343,-4.686117,-0.183811,0.749776,-0.635649,0.409153,0.264521,-0.058016,0.721304,-0.269344,-0.331104,0.545477,83.0,3.0,4.0,APULL,28,Idle
6.57,1.170149,-3.344121,-4.638235,-0.239971,0.734207,-0.635102,0.407253,0.220566,-0.02568,0.729328,-0.249053,-0.347018,0.534445,83.0,3.0,4.0,APULL,28,Idle
6.58,1.713506,-3.238004,-4.531052,-0.294271,0.71275,-0.636704,0.395666,0.176761,0.011063,0.737363,-0.226881,-0.360795,0.524069,83.0,3.0,4.0,APULL,28,Idle
6.59,2.182461,-3.174307,-4.401533,-0.346106,0.685903,-0.640116,0.386618,0.123728,0.053919,0.745199,-0.203068,-0.372432,0.514525,83.0,3.0,4.0,APULL,28,Idle
6.6,2.509629,-3.068025,-4.251019,-0.395272,0.654666,-0.644339,0.376274,0.076703,0.129752,0.7526,-0.178066,-0.38226,0.50573,83.0,3.0,4.0,APULL,28,Idle
6.61,2.738901,-2.934293,-4.084466,-0.441332,0.620199,-0.648521,0.360185,0.008692,0.159172,0.759444,-0.152527,-0.39048,0.497499,83.0,3.0,4.0,APULL,28,Idle
6.62,2.931797,-2.811031,-3.917306,-0.484191,0.583143,-0.652306,0.348632,-0.070784,0.183861,0.765654,-0.126683,-0.397239,0.489823,83.0,3.0,4.0,APULL,28,Idle
6.63,3.057817,-2.726278,-3.749812,-0.523982,0.544106,-0.65528,0.333339,-0.121437,0.202399,0.771155,-0.100699,-0.402765,0.48266,83.0,3.0,4.0,APULL,28,Idle
6.64,3.084175,-2.591565,-3.595917,-0.560758,0.503917,-0.656976,0.300458,-0.125148,0.241495,0.775924,-0.074936,-0.407304,0.475847,83.0,3.0,4.0,APULL,28,Idle
6.65,3.081354,-2.409412,-3.450987,-0.594305,0.463255,-0.657416,0.250525,-0.125563,0.299308,0.780088,-0.049787,-0.410869,0.469223,83.0,3.0,4.0,APULL,28,Idle
6.66,3.087536,-2.214387,-3.304473,-0.624552,0.422319,-0.656949,0.19604,-0.118288,0.329281,0.783776,-0.02533,-0.413381,0.462785,83.0,3.0,4.0,APULL,28,Idle
6.67,3.083026,-1.998293,-3.131879,-0.651383,0.381458,-0.655889,0.154664,-0.09914,0.35877,0.787023,-0.001663,-0.414792,0.456661,83.0,3.0,4.0,APULL,28,Idle
6.68,3.087741,-1.774632,-2.935215,-0.674753,0.341067,-0.654509,0.123728,-0.069506,0.351164,0.789839,0.021113,-0.41509,0.451009,83.0,3.0,4.0,APULL,28,Idle
6.69,3.159511,-1.58712,-2.75897,-0.694886,0.30111,-0.653044,0.102707,-0.040841,0.305067,0.792243,0.043153,-0.414266,0.445952,83.0,3.0,4.0,APULL,28,Idle
6.7,3.281596,-1.387783,-2.586815,-0.712145,0.261218,-0.651625,0.099489,-0.032336,0.317168,0.794234,0.064791,-0.412298,0.441593,83.0,3.0,4.0,APULL,28,Idle
6.71,3.421913,-1.202319,-2.404415,-0.726622,0.221339,-0.650407,0.097838,-0.048778,0.292252,0.795811,0.086132,-0.409119,0.43805,83.0,3.0,4.0,APULL,28,Idle
6.72,3.543503,-1.064546,-2.204526,-0.738622,0.181725,-0.649164,0.112065,-0.072655,0.272089,0.796865,0.107205,-0.404877,0.435418,83.0,3.0,4.0,APULL,28,Idle
6.73,3.599061,-0.980032,-2.013779,-0.748679,0.142781,-0.647374,0.129523,-0.106405,0.265706,0.797286,0.127962,-0.399924,0.433615,83.0,3.0,4.0,APULL,28,Idle
6.74,3.579772,-0.896129,-1.829021,-0.757138,0.105,-0.644761,0.145047,-0.138112,0.263856,0.797103,0.148182,-0.39454,0.432444,83.0,3.0,4.0,APULL,28,Idle
6.75,3.505841,-0.789114,-1.632576,-0.764078,0.068946,-0.641429,0.149408,-0.157112,0.278422,0.796397,0.167557,-0.388857,0.431818,83.0,3.0,4.0,APULL,28,Idle
6.76,3.394459,-0.699858,-1.432325,-0.769663,0.035063,-0.637487,0.146814,-0.163664,0.292318,0.795214,0.185891,-0.383016,0.431717,83.0,3.0,4.0,APULL,28,Idle
6.77,3.24182,-0.577701,-1.214375,-0.774003,0.003686,-0.633171,0.152024,-0.155358,0.317009,0.793623,0.203013,-0.377094,0.432144,83.0,3.0,4.0,APULL,28,Idle
6.78,3.084936,-0.474103,-1.002396,-0.777204,-0.024866,-0.628758,0.161191,-0.136389,0.295292,0.791694,0.218764,-0.371165,0.433127,83.0,3.0,4.0,APULL,28,Idle
6.79,2.962544,-0.390863,-0.827602,-0.779574,-0.050941,-0.624236,0.175326,-0.117776,0.291869,0.789449,0.233358,-0.365276,0.434613,83.0,3.0,4.0,APULL,28,Idle
6.8,2.83386,-0.262959,-0.690235,-0.781128,-0.074909,-0.619861,0.176117,-0.086971,0.293613,0.787023,0.24688,-0.359333,0.436492,83.0,3.0,4.0,APULL,28,Idle
6.81,2.724156,-0.151457,-0.567916,-0.781874,-0.096989,-0.615846,0.168974,-0.058025,0.271577,0.784512,0.25937,-0.353276,0.438706,83.0,3.0,4.0,APULL,28,Idle
6.82,2.629583,-0.056604,-0.437002,-0.781932,-0.117394,-0.61221,0.165507,-0.053687,0.245725,0.781897,0.270965,-0.347092,0.441296,83.0,3.0,4.0,APULL,28,Idle
6.83,2.546344,-0.011845,-0.292022,-0.781679,-0.13608,-0.608654,0.169207,-0.074888,0.206478,0.779064,0.281789,-0.340981,0.444281,83.0,3.0,4.0,APULL,28,Idle
6.84,2.455317,0.01373,-0.129818,-0.781365,-0.152939,-0.605044,0.182717,-0.108246,0.185015,0.775936,0.291891,-0.335079,0.447712,83.0,3.0,4.0,APULL,28,Idle
6.85,2.297166,0.026562,0.00056,-0.781144,-0.167816,-0.601376,0.199127,-0.122162,0.176708,0.772569,0.301186,-0.329544,0.45147,83.0,3.0,4.0,APULL,28,Idle
6.86,2.050684,0.059491,0.070649,-0.780943,-0.180561,-0.597935,0.209059,-0.099697,0.188862,0.769225,0.309414,-0.324493,0.455258,83.0,3.0,4.0,APULL,28,Idle
6.87,1.80079,0.105503,0.108496,-0.780628,-0.191348,-0.594984,0.207782,-0.055554,0.209639,0.766131,0.316481,-0.319918,0.458842,83.0,3.0,4.0,APULL,28,Idle
6.88,1.614347,0.18609,0.15999,-0.78002,-0.200445,-0.592783,0.185095,-0.012995,0.242945,0.763328,0.32246,-0.315639,0.4623,83.0,3.0,4.0,APULL,28,Idle
6.89,1.536096,0.275931,0.232087,-0.779028,-0.208228,-0.591402,0.154196,0.020988,0.259096,0.760692,0.327595,-0.311417,0.465886,83.0,3.0,4.0,APULL,28,Idle
6.9,1.549546,0.325338,0.315612,-0.777822,-0.215226,-0.590483,0.146047,0.043625,0.244246,0.757979,0.332323,-0.307115,0.469797,83.0,3.0,4.0,APULL,28,Idle
6.91,1.558213,0.354156,0.408478,-0.776608,-0.221601,-0.589723,0.160061,0.053174,0.253237,0.755032,0.336864,-0.302756,0.474119,83.0,3.0,4.0,APULL,28,Idle
6.92,1.489401,0.423331,0.466405,-0.7753,-0.227198,-0.589314,0.174409,0.06579,0.268208,0.751964,0.341043,-0.298384,0.478756,83.0,3.0,4.0,APULL,28,Idle
6.93,1.370279,0.468451,0.472455,-0.773711,-0.231987,-0.589536,0.169219,0.083763,0.266462,0.749047,0.344627,-0.294047,0.483422,83.0,3.0,4.0,APULL,28,Idle
6.94,1.233753,0.461748,0.48011,-0.772061,-0.236019,-0.590099,0.176052,0.084972,0.242123,0.746316,0.34768,-0.289946,0.487917,83.0,3.0,4.0,APULL,28,Idle
6.95,1.066122,0.441078,0.504349,-0.770556,-0.239017,-0.590859,0.193148,0.090289,0.222222,0.743753,0.350148,-0.286298,0.4922,83.0,3.0,4.0,APULL,28,Idle
6.96,0.894343,0.439923,0.524799,-0.769202,-0.240829,-0.591886,0.204154,0.116653,0.223051,0.741377,0.351968,-0.283153,0.49629,83.0,3.0,4.0,APULL,28,Idle
6.97,0.756714,0.436373,0.517085,-0.767865,-0.241678,-0.593275,0.190594,0.147714,0.201506,0.739244,0.353179,-0.280406,0.500155,83.0,3.0,4.0,APULL,28,Idle
6.98,0.726375,0.398382,0.507187,-0.766591,-0.242136,-0.594734,0.170811,0.144342,0.158806,0.737247,0.354126,-0.277899,0.503819,83.0,3.0,4.0,APULL,28,Idle
6.99,0.755667,0.368805,0.542704,-0.76557,-0.242503,-0.595898,0.172705,0.095363,0.11221,0.735141,0.355142,-0.275544,0.507461,83.0,3.0,4.0,APULL,28,Idle
7.0,0.761811,0.28192,0.592662,-0.764977,-0.242681,-0.596587,0.186028,0.036123,0.061354,0.732776,0.356318,-0.273393,0.511208,83.0,3.0,4.0,APULL,28,Idle
7.01,0.663874,0.185906,0.587994,-0.765028,-0.242424,-0.596626,0.205595,0.021187,0.037666,0.730279,0.357544,-0.271753,0.514786,83.0,3.0,4.0,APULL,28,Idle
7.02,0.492916,0.104292,0.573206,-0.765586,-0.241411,-0.596321,0.207679,0.037492,0.043358,0.727936,0.35849,-0.270784,0.517948,83.0,3.0,4.0,APULL,28,Idle
7.03,0.363103,0.049973,0.559826,-0.766481,-0.239571,-0.595913,0.202928,0.057671,0.056469,0.725806,0.359051,-0.270418,0.520732,83.0,3.0,4.0,APULL,28,Idle
7.04,0.312831,0.012529,0.550676,-0.767607,-0.23731,-0.595368,0.196074,0.08782,0.051423,0.723807,0.359425,-0.270425,0.523248,83.0,3.0,4.0,APULL,28,Idle
7.05,0.296433,-0.032245,0.574577,-0.768982,-0.234798,-0.594589,0.19455,0.107906,0.049515,0.721772,0.359785,-0.270666,0.52568,83.0,3.0,4.0,APULL,28,Idle
7.06,0.336779,-0.052811,0.593735,-0.770619,-0.232122,-0.59352,0.192082,0.101689,0.051894,0.719601,0.360228,-0.271064,0.528142,83.0,3.0,4.0,APULL,28,Idle
7.07,0.410274,-0.048442,0.588974,-0.7723,-0.22976,-0.592253,0.178306,0.071953,0.053419,0.717276,0.36091,-0.271326,0.530699,83.0,3.0,4.0,APULL,28,Idle
7.08,0.403174,-0.046896,0.565924,-0.773889,-0.227717,-0.590966,0.15188,0.046259,0.042779,0.714921,0.361722,-0.271431,0.533264,83.0,3.0,4.0,APULL,28,Idle
7.09,0.277569,-0.075664,0.543234,-0.775485,-0.225475,-0.589732,0.12717,0.015682,0.048915,0.712726,0.362367,-0.271706,0.535619,83.0,3.0,4.0,APULL,28,Idle
7.1,0.034171,-0.098452,0.511318,-0.777182,-0.222312,-0.588698,0.116476,0.005561,0.090956,0.7109,0.36245,-0.272546,0.537559,83.0,3.0,4.0,APULL,28,Idle
7.11,-0.245374,-0.071625,0.455664,-0.778758,-0.217888,-0.588269,0.115505,0.046333,0.145016,0.709675,0.361628,-0.274027,0.538976,83.0,3.0,4.0,APULL,28,Idle
7.12,-0.40434,-0.020684,0.394866,-0.779941,-0.212565,-0.58865,0.121967,0.102076,0.172863,0.709072,0.35996,-0.27587,0.539947,83.0,3.0,4.0,APULL,28,Idle
7.13,-0.385583,0.042292,0.319879,-0.780626,-0.207354,-0.589599,0.132769,0.145663,0.173965,0.708857,0.357979,-0.277581,0.540667,83.0,3.0,4.0,APULL,28,Idle
7.14,-0.209551,0.109607,0.263225,-0.780756,-0.203262,-0.590851,0.129205,0.151962,0.167786,0.708728,0.356269,-0.278652,0.541416,83.0,3.0,4.0,APULL,28,Idle
7.15,-0.00063,0.176678,0.222309,-0.780398,-0.200757,-0.592178,0.113604,0.12547,0.160477,0.708451,0.355178,-0.278854,0.54239,83.0,3.0,4.0,APULL,28,Idle
7.16,0.108666,0.274283,0.183253,-0.779454,-0.199502,-0.593844,0.104283,0.102944,0.182146,0.708107,0.354479,-0.27825,0.543605,83.0,3.0,4.0,APULL,28,Idle
7.17,0.174817,0.343068,0.120022,-0.777868,-0.199101,-0.596054,0.099859,0.090824,0.173614,0.707879,0.35388,-0.277023,0.544916,83.0,3.0,4.0,APULL,28,Idle
7.18,0.215974,0.396776,0.045328,-0.775788,-0.199551,-0.598609,0.094742,0.072094,0.156348,0.707821,0.353403,-0.275322,0.546163,83.0,3.0,4.0,APULL,28,Idle
7.19,0.195026,0.446589,-0.00596,-0.773236,-0.200515,-0.601581,0.083173,0.042739,0.152713,0.707984,0.352878,-0.273289,0.547311,83.0,3.0,4.0,APULL,28,Idle
7.2,0.121511,0.507461,-0.047468,-0.770265,-0.201557,-0.605034,0.079118,0.028477,0.164009,0.708433,0.352099,-0.271126,0.548306,83.0,3.0,4.0,APULL,28,Idle
7.21,0.086935,0.574734,-0.065953,-0.766824,-0.202578,-0.609052,0.065819,-0.025877,0.183377,0.709148,0.351019,-0.268812,0.549214,83.0,3.0,4.0,APULL,28,Idle
7.22,0.028563,0.645107,-0.054241,-0.762961,-0.203396,-0.613613,0.048407,-0.084171,0.188289,0.710032,0.349624,-0.266377,0.550146,83.0,3.0,4.0,APULL,28,Idle
7.23,0.046075,0.693903,0.005945,-0.758775,-0.203778,-0.618656,0.021897,-0.12894,0.141285,0.710944,0.347916,-0.263868,0.551259,83.0,3.0,4.0,APULL,28,Idle
7.24,0.064641,0.725245,0.118787,-0.754448,-0.203698,-0.623951,0.010124,-0.199759,0.067723,0.711617,0.346074,-0.261261,0.55279,83.0,3.0,4.0,APULL,28,Idle
7.25,-0.030538,0.712224,0.295363,-0.750293,-0.202312,-0.629389,0.028781,-0.285268,-0.046575,0.711962,0.343872,-0.258954,0.554802,83.0,3.0,4.0,APULL,28,Idle
7.26,-0.221104,0.585318,0.458984,-0.746906,-0.198713,-0.634544,0.11748,-0.39934,-0.170144,0.711942,0.341139,-0.25759,0.557144,83.0,3.0,4.0,APULL,28,Idle
7.27,-0.726307,0.381988,0.506717,-0.744758,-0.192167,-0.639068,0.244681,-0.482226,-0.221253,0.711955,0.337539,-0.257941,0.559155,83.0,3.0,4.0,APULL,28,Idle
7.28,-1.60108,0.217036,0.387337,-0.74371,-0.181389,-0.643423,0.331082,-0.445137,-0.189234,0.712987,0.332019,-0.260868,0.559786,83.0,3.0,4.0,APULL,28,Idle
7.29,-2.649041,0.13967,0.189374,-0.743091,-0.165557,-0.648388,0.350528,-0.329545,-0.129032,0.715897,0.323577,-0.266653,0.558288,83.0,3.0,4.0,APULL,28,Idle
7.3,-3.607376,0.072071,0.06321,-0.742549,-0.144132,-0.6541,0.331981,-0.218737,-0.051772,0.720731,0.311776,-0.275219,0.554615,83.0,3.0,4.0,APULL,28,Idle
7.31,-3.921706,-0.137752,-0.01915,-0.742739,-0.118936,-0.658933,0.298342,-0.096197,0.016919,0.726444,0.298021,-0.285861,0.549314,83.0,3.0,4.0,APULL,28,Idle
7.32,-3.749012,-0.167061,-0.087545,-0.743744,-0.093828,-0.661846,0.273041,0.111894,0.111355,0.731992,0.284451,-0.296925,0.543242,83.0,3.0,4.0,APULL,28,Idle
7.33,-3.132868,-0.031253,-0.105619,-0.744364,-0.071488,-0.663936,0.201304,0.361985,0.140483,0.736931,0.27211,-0.306574,0.537496,83.0,3.0,4.0,APULL,28,Idle
7.34,-1.966159,0.043227,-0.171067,-0.744107,-0.055336,-0.665765,0.120251,0.528053,0.062356,0.740781,0.262718,-0.313204,0.533035,83.0,3.0,4.0,APULL,28,Idle
7.35,-0.851477,0.044604,-0.263887,-0.743695,-0.04778,-0.66681,0.052334,0.618047,-0.007445,0.743236,0.257824,-0.31642,0.530099,83.0,3.0,4.0,APULL,28,Idle
7.36,-0.063418,0.042918,-0.291894,-0.743209,-0.046767,-0.667423,-0.026048,0.61563,-0.031704,0.744661,0.2564,-0.317093,0.528385,83.0,3.0,4.0,APULL,28,Idle
7.37,1.008771,-0.034769,-0.302287,-0.743043,-0.052021,-0.667219,-0.066009,0.454212,-0.099123,0.744878,0.258553,-0.315501,0.527984,83.0,3.0,4.0,APULL,28,Idle
7.38,1.997991,-0.01997,-0.154336,-0.743128,-0.064055,-0.666076,-0.045629,0.259261,-0.058121,0.743454,0.264735,-0.311251,0.529447,83.0,3.0,4.0,APULL,28,Idle
7.39,2.465276,0.12763,0.170324,-0.742748,-0.079089,-0.664884,-0.045628,0.039157,0.094587,0.740469,0.272985,-0.30502,0.533056,83.0,3.0,4.0,APULL,28,Idle
7.4,2.304653,0.255068,0.37991,-0.741678,-0.093123,-0.664261,-0.119574,-0.231661,0.241959,0.736628,0.281005,-0.298171,0.538062,83.0,3.0,4.0,APULL,28,Idle
7.41,1.469263,0.343052,0.48495,-0.740098,-0.102652,-0.664619,-0.216629,-0.461938,0.297019,0.733156,0.286609,-0.292483,0.542948,83.0,3.0,4.0,APULL,28,Idle
7.42,0.370504,0.344748,0.529747,-0.73828,-0.104972,-0.666275,-0.249009,-0.586708,0.242157,0.730956,0.28826,-0.289428,0.546663,83.0,3.0,4.0,APULL,28,Idle
7.43,-0.461961,0.248862,0.521405,-0.736776,-0.100562,-0.668617,-0.133753,-0.493188,0.081214,0.730054,0.28638,-0.289272,0.548935,83.0,3.0,4.0,APULL,28,Idle
7.44,-0.773656,0.021075,0.428271,-0.736261,-0.092608,-0.670331,0.070917,-0.158399,-0.178257,0.729867,0.282883,-0.291225,0.549963,83.0,3.0,4.0,APULL,28,Idle
7.45,-0.538942,-0.279771,0.176529,-0.73748,-0.08572,-0.669908,0.236915,0.247997,-0.31578,0.729779,0.280307,-0.294065,0.549888,83.0,3.0,4.0,APULL,28,Idle
7.46,-0.095936,-0.224988,-0.093234,-0.739353,-0.083288,-0.668147,0.295505,0.595327,-0.159047,0.729724,0.279831,-0.296009,0.549159,83.0,3.0,4.0,APULL,28,Idle
7.47,0.422344,0.026631,-0.240118,-0.73986,-0.085622,-0.66729,0.230949,0.796621,-0.023048,0.729837,0.28093,-0.295691,0.54862,83.0,3.0,4.0,APULL,28,Idle
7.48,0.972213,0.183194,-0.353943,-0.738834,-0.092529,-0.667505,0.168582,0.772354,0.001261,0.729813,0.283636,-0.292914,0.548749,83.0,3.0,4.0,APULL,28,Idle
7.49,1.211432,0.287064,-0.492231,-0.73682,-0.103128,-0.668177,0.113453,0.536798,-0.013418,0.729727,0.287676,-0.288364,0.54917,83.0,3.0,4.0,APULL,28,Idle
7.5,1.186403,0.321515,-0.596636,-0.734137,-0.11525,-0.669149,0.040762,0.182633,-0.023325,0.729921,0.29202,-0.283108,0.549354,83.0,3.0,4.0,APULL,28,Idle
7.51,0.961307,0.272389,-0.62105,-0.731317,-0.127076,-0.670095,0.001336,-0.149566,0.008581,0.730435,0.296024,-0.278069,0.549102,83.0,3.0,4.0,APULL,28,Idle
7.52,0.67897,0.193817,-0.520395,-0.728999,-0.136673,-0.670732,-0.004964,-0.291671,0.009798,0.731146,0.299117,-0.274159,0.548445,83.0,3.0,4.0,APULL,28,Idle
7.53,0.800721,0.208014,-0.289442,-0.727096,-0.144477,-0.671162,0.027846,-0.323647,0.043034,0.731461,0.301759,-0.270852,0.54822,83.0,3.0,4.0,APULL,28,Idle
7.54,0.999411,0.281136,-0.072233,-0.725203,-0.151873,-0.671577,0.038374,-0.359235,0.073509,0.730884,0.304663,-0.267193,0.549178,83.0,3.0,4.0,APULL,28,Idle
7.55,1.030037,0.40396,0.066859,-0.72289,-0.158751,-0.672479,-0.016887,-0.444902,0.134698,0.729768,0.307456,-0.263118,0.55107,83.0,3.0,4.0,APULL,28,Idle
7.56,0.866379,0.511365,0.20858,-0.719955,-0.164289,-0.674295,-0.090333,-0.5497,0.131037,0.728516,0.309512,-0.258949,0.553545,83.0,3.0,4.0,APULL,28,Idle
7.57,0.373014,0.465338,0.354225,-0.717062,-0.166573,-0.676813,-0.139826,-0.564018,0.009042,0.727372,0.310098,-0.255798,0.556181,83.0,3.0,4.0,APULL,28,Idle
7.58,-0.176062,0.368606,0.38213,-0.714844,-0.16447,-0.679668,-0.130844,-0.378102,-0.121281,0.726739,0.30876,-0.254624,0.558286,83.0,3.0,4.0,APULL,28,Idle
7.59,-0.329622,0.242244,0.401622,-0.713358,-0.159824,-0.682332,-0.085226,-0.109814,-0.314586,0.726478,0.306396,-0.254864,0.559818,83.0,3.0,4.0,APULL,28,Idle
7.6,-0.206309,0.04668,0.41547,-0.712997,-0.15499,-0.683822,-0.019516,0.147589,-0.441117,0.725947,0.304443,-0.255741,0.56117,83.0,3.0,4.0,APULL,28,Idle
7.61,0.005738,-0.040644,0.289747,-0.713601,-0.151713,-0.683928,-0.012275,0.398677,-0.384889,0.725068,0.303634,-0.256598,0.562353,83.0,3.0,4.0,APULL,28,Idle
7.62,0.238849,0.021059,0.02244,-0.713949,-0.151422,-0.683629,-0.101222,0.597788,-0.209849,0.724429,0.303914,-0.256557,0.563043,83.0,3.0,4.0,APULL,28,Idle
7.63,0.584744,0.122617,-0.116165,-0.713272,-0.15455,-0.683635,-0.175263,0.638757,-0.102131,0.724102,0.305181,-0.255042,0.563466,83.0,3.0,4.0,APULL,28,Idle
7.64,1.067093,0.269879,-0.103906,-0.711627,-0.16102,-0.683856,-0.17706,0.499369,-0.048276,0.723442,0.30771,-0.251767,0.564411,83.0,3.0,4.0,APULL,28,Idle
7.65,1.371209,0.380437,0.015327,-0.709345,-0.169808,-0.684101,-0.150015,0.232308,0.06194,0.722043,0.311333,-0.247024,0.566308,83.0,3.0,4.0,APULL,28,Idle
7.66,1.225733,0.477812,0.117283,-0.706475,-0.178425,-0.684878,-0.17469,-0.118328,0.187624,0.720292,0.314809,-0.241778,0.568875,83.0,3.0,4.0,APULL,28,Idle
7.67,0.854289,0.541094,0.205641,-0.703132,-0.184375,-0.686739,-0.209527,-0.436764,0.101382,0.718793,0.316839,-0.237156,0.571582,83.0,3.0,4.0,APULL,28,Idle
7.68,0.290128,0.534723,0.152692,-0.699825,-0.187052,-0.689388,0.031307,-0.473883,0.18327,0.717957,0.317183,-0.233882,0.573787,83.0,3.0,4.0,APULL,28,Idle
7.69,-0.266343,0.646623,0.20369,-0.695938,-0.185855,-0.693634,0.173523,-0.332852,0.439804,0.718188,0.31523,-0.231977,0.575346,83.0,3.0,4.0,APULL,28,Idle
7.7,-0.287818,0.64624,0.273937,-0.691868,-0.18186,-0.698746,0.180164,-0.22117,0.477326,0.718747,0.311893,-0.230975,0.576868,83.0,3.0,4.0,APULL,28,Idle
7.71,0.127507,0.767746,0.228059,-0.687444,-0.179561,-0.703689,0.152974,-0.139607,0.414581,0.718924,0.309313,-0.229087,0.578785,83.0,3.0,4.0,APULL,28,Idle
7.72,0.064891,0.931641,0.195986,-0.68175,-0.179107,-0.709322,0.220629,-0.038422,0.335985,0.719094,0.307077,-0.225926,0.581004,83.0,3.0,4.0,APULL,28,Idle
7.73,-0.150197,0.932993,0.203013,-0.675396,-0.177342,-0.715814,0.392315,-0.034099,0.30137,0.719655,0.303907,-0.22301,0.583099,83.0,3.0,4.0,APULL,28,Idle
7.74,-0.204576,0.798955,0.142521,-0.669364,-0.17493,-0.722047,0.570456,-0.142117,0.356675,0.720372,0.300523,-0.220596,0.584883,83.0,3.0,4.0,APULL,28,Idle
7.75,-0.712886,0.61432,0.017388,-0.664414,-0.171275,-0.727474,0.609956,-0.172627,0.439587,0.721546,0.29683,-0.219442,0.585754,83.0,3.0,4.0,APULL,28,Idle
7.76,-1.428933,0.398389,-0.14233,-0.660557,-0.163819,-0.732685,0.494526,-0.132644,0.323887,0.723882,0.291499,-0.220649,0.585097,83.0,3.0,4.0,APULL,28,Idle
7.77,-1.803718,0.148955,-0.234532,-0.658254,-0.152913,-0.737102,0.325353,-0.076503,0.097148,0.727129,0.284911,-0.224221,0.582953,83.0,3.0,4.0,APULL,28,Idle
7.78,-1.837091,-0.028968,-0.290207,-0.657422,-0.141066,-0.740201,0.13548,0.090224,-0.183765,0.730546,0.278337,-0.228973,0.580002,83.0,3.0,4.0,APULL,28,Idle
7.79,-1.511289,-0.293135,-0.308022,-0.658178,-0.130521,-0.741462,-0.103785,0.251905,-0.262017,0.73359,0.272941,-0.234034,0.576694,83.0,3.0,4.0,APULL,28,Idle
7.8,-1.01665,-0.445986,-0.218131,-0.660683,-0.122944,-0.740529,-0.344902,0.259144,-0.234187,0.735618,0.26973,-0.238708,0.573699,83.0,3.0,4.0,APULL,28,Idle
7.81,-0.671019,-0.434833,-0.080099,-0.663796,-0.117749,-0.738587,-0.459892,0.208585,-0.191467,0.736624,0.268111,-0.242535,0.571557,83.0,3.0,4.0,APULL,28,Idle
7.82,-0.518502,-0.416209,-0.015526,-0.666844,-0.113664,-0.736478,-0.374523,0.104035,-0.123156,0.737004,0.267189,-0.245705,0.570144,83.0,3.0,4.0,APULL,28,Idle
7.83,-0.455238,-0.470199,-0.094407,-0.670032,-0.110449,-0.734069,-0.150936,-0.004923,-0.064087,0.73725,0.266726,-0.248642,0.568767,83.0,3.0,4.0,APULL,28,Idle
7.84,-0.586468,-0.537148,-0.159244,-0.67357,-0.107657,-0.731241,0.043672,-0.094064,0.01185,0.737659,0.26647,-0.251741,0.566992,83.0,3.0,4.0,APULL,28,Idle
7.85,-0.82996,-0.62011,-0.209545,-0.6776,-0.103666,-0.728088,0.151034,-0.127383,0.009917,0.738408,0.26569,-0.255666,0.564621,83.0,3.0,4.0,APULL,28,Idle
7.86,-0.847682,-0.688195,-0.238841,-0.682113,-0.099042,-0.724509,0.150084,-0.100451,-0.15191,0.739326,0.264687,-0.260166,0.561828,83.0,3.0,4.0,APULL,28,Idle
7.87,-0.816813,-0.76724,-0.250801,-0.687134,-0.094648,-0.720339,0.058793,-0.003649,-0.186231,0.740171,0.263938,-0.264891,0.558853,83.0,3.0,4.0,APULL,28,Idle
7.88,-0.605244,-0.724647,-0.234407,-0.692343,-0.091149,-0.715788,-0.068445,0.087213,-0.085329,0.740807,0.263695,-0.26939,0.555967,83.0,3.0,4.0,APULL,28,Idle
7.89,-0.314318,-0.559061,-0.235763,-0.696719,-0.089447,-0.711746,-0.145932,0.111603,-0.009949,0.741192,0.264071,-0.272752,0.553631,83.0,3.0,4.0,APULL,28,Idle
7.9,-0.021625,-0.441681,-0.281026,-0.699993,-0.090075,-0.708447,-0.117771,0.065829,0.0061,0.741446,0.265177,-0.274696,0.551799,83.0,3.0,4.0,APULL,28,Idle
7.91,0.058613,-0.427772,-0.284014,-0.70276,-0.092348,-0.705408,-0.013625,-0.024946,0.015817,0.741606,0.266885,-0.275805,0.550205,83.0,3.0,4.0,APULL,28,Idle
7.92,-0.154505,-0.469279,-0.26089,-0.705648,-0.09405,-0.702293,0.073538,-0.068319,0.028541,0.741783,0.268371,-0.277183,0.548547,83.0,3.0,4.0,APULL,28,Idle
7.93,-0.390421,-0.529659,-0.263968,-0.708901,-0.093908,-0.699029,0.083595,-0.052408,-0.009864,0.742183,0.269049,-0.279461,0.546515,83.0,3.0,4.0,APULL,28,Idle
7.94,-0.410359,-0.539419,-0.308306,-0.712423,-0.09305,-0.695554,0.019232,-0.030531,-0.036349,0.742762,0.269391,-0.282226,0.544134,83.0,3.0,4.0,APULL,28,Idle
7.95,-0.316015,-0.439064,-0.320298,-0.715512,-0.0928,-0.692409,-0.034671,0.016629,-0.041889,0.743426,0.269816,-0.284596,0.541778,83.0,3.0,4.0,APULL,28,Idle
7.96,-0.165899,-0.408078,-0.282987,-0.71811,-0.093289,-0.689648,-0.037627,0.06007,-0.050632,0.743993,0.270462,-0.286402,0.539721,83.0,3.0,4.0,APULL,28,Idle
7.97,-0.027073,-0.398997,-0.250673,-0.720682,-0.094604,-0.686781,-0.015631,0.065108,-0.04558,0.744242,0.271623,-0.287803,0.538047,83.0,3.0,4.0,APULL,28,Idle
7.98,-0.002059,-0.343948,-0.254659,-0.722961,-0.096325,-0.684142,0.011077,0.049556,0.001769,0.744409,0.27292,-0.288866,0.536588,83.0,3.0,4.0,APULL,28,Idle
7.99,0.026078,-0.348025,-0.26946,-0.725039,-0.098311,-0.681654,0.028842,0.001693,0.004241,0.744599,0.274264,-0.289745,0.535164,83.0,3.0,4.0,APULL,28,Idle
8.0,-0.014609,-0.349028,-0.272815,-0.727168,-0.10038,-0.67908,0.025554,-0.043877,-0.010281,0.744804,0.275647,-0.290652,0.533673,83.0,3.0,4.0,APULL,28,Idle
8.01,-0.123397,-0.35136,-0.258519,-0.72926,-0.101822,-0.676618,0.009747,-0.04953,0.006147,0.745105,0.276691,-0.291775,0.532097,83.0,3.0,4.0,APULL,28,Idle
8.02,-0.126138,-0.320345,-0.258912,-0.73129,-0.102815,-0.674273,-0.012774,-0.031599,-0.023618,0.74548,0.277477,-0.293036,0.530468,83.0,3.0,4.0,APULL,28,Idle
8.03,-0.093968,-0.27636,-0.255384,-0.73302,-0.103989,-0.672211,0.002353,-0.004303,-0.017975,0.745885,0.27824,-0.29407,0.528924,83.0,3.0,4.0,APULL,28,Idle
8.04,-0.028243,-0.274528,-0.242287,-0.734568,-0.105393,-0.6703,0.025645,0.009019,-0.007404,0.746246,0.279076,-0.294901,0.52751,83.0,3.0,4.0,APULL,28,Idle
8.05,0.036916,-0.270254,-0.240405,-0.736159,-0.107208,-0.668264,0.027007,-0.000199,-0.016581,0.746464,0.280183,-0.295577,0.526235,83.0,3.0,4.0,APULL,28,Idle
8.06,0.037459,-0.241159,-0.248622,-0.737605,-0.109305,-0.666326,0.015987,-0.009882,-0.008555,0.74667,0.281381,-0.296077,0.525021,83.0,3.0,4.0,APULL,28,Idle
8.07,0.027188,-0.239801,-0.251682,-0.738915,-0.111356,-0.664533,-0.000526,-0.0152,-0.021044,0.746928,0.282492,-0.296532,0.523799,83.0,3.0,4.0,APULL,28,Idle
8.08,-0.005149,-0.215915,-0.25329,-0.740179,-0.11333,-0.66279,-0.010035,-0.018063,0.006708,0.747211,0.283542,-0.296999,0.522562,83.0,3.0,4.0,APULL,28,Idle
8.09,-0.005149,-0.215915,-0.25329,-0.740179,-0.11333,-0.66279,-0.010035,-0.018063,0.006708,0.747211,0.283542,-0.296999,0.522562,83.0,3.0,4.0,APULL,28,Idle
8.1,-0.080741,-0.183914,-0.252325,-0.741177,-0.114938,-0.661397,-0.006656,-0.001975,0.019338,0.747646,0.284271,-0.297475,0.521271,83.0,3.0,4.0,APULL,28,Idle
8.11,-0.075621,-0.181952,-0.277553,-0.742091,-0.11633,-0.660128,-0.002599,0.016569,-0.009687,0.748189,0.284819,-0.298017,0.519882,83.0,3.0,4.0,APULL,28,Idle
8.12,-0.031483,-0.14828,-0.286488,-0.742837,-0.118098,-0.658974,0.004403,0.018199,-0.016121,0.748762,0.285471,-0.298361,0.518501,83.0,3.0,4.0,APULL,28,Idle
8.13,0.019087,-0.16826,-0.275253,-0.743527,-0.120145,-0.657824,0.015149,0.013944,-0.017286,0.749266,0.28627,-0.298559,0.517216,83.0,3.0,4.0,APULL,28,Idle
8.14,0.031009,-0.158544,-0.272928,-0.744286,-0.122386,-0.656552,0.022896,0.010203,0.008633,0.74968,0.287224,-0.298708,0.516,83.0,3.0,4.0,APULL,28,Idle
8.15,-0.009606,-0.137832,-0.272439,-0.744905,-0.124473,-0.655457,0.025743,0.016212,0.014618,0.750142,0.288045,-0.298834,0.514797,83.0,3.0,4.0,APULL,28,Idle
8.16,0.010612,-0.180326,-0.263286,-0.745601,-0.126435,-0.654289,0.012034,-0.005462,0.00492,0.750609,0.288828,-0.299055,0.513548,83.0,3.0,4.0,APULL,28,Idle
8.17,-0.016832,-0.193592,-0.24587,-0.746519,-0.12838,-0.652861,-0.010103,-0.019905,-0.008852,0.750976,0.289718,-0.299388,0.512314,83.0,3.0,4.0,APULL,28,Idle
8.18,-0.135316,-0.194218,-0.218848,-0.747468,-0.129638,-0.651526,-0.004089,-0.00821,0.031043,0.751403,0.290272,-0.299965,0.511035,83.0,3.0,4.0,APULL,28,Idle
8.19,-0.171808,-0.22393,-0.216315,-0.748528,-0.130205,-0.650195,0.016441,-0.006727,0.003741,0.751884,0.290514,-0.30084,0.509674,83.0,3.0,4.0,APULL,28,Idle
8.2,-0.153843,-0.250581,-0.198349,-0.749807,-0.130677,-0.648624,0.036153,-0.043212,0.02425,0.752298,0.290805,-0.301862,0.50829,83.0,3.0,4.0,APULL,28,Idle
8.21,-0.189539,-0.23933,-0.178326,-0.751136,-0.131059,-0.647007,0.031944,-0.052809,0.019032,0.752643,0.291107,-0.302908,0.506984,83.0,3.0,4.0,APULL,28,Idle
8.22,-0.279428,-0.246598,-0.185088,-0.752444,-0.130861,-0.645525,0.026431,-0.017622,-0.004087,0.753091,0.291078,-0.304157,0.505586,83.0,3.0,4.0,APULL,28,Idle
8.23,-0.262809,-0.265287,-0.204483,-0.753846,-0.130542,-0.643953,0.027665,-0.007215,-0.015334,0.753595,0.290979,-0.30554,0.504055,83.0,3.0,4.0,APULL,28,Idle
8.24,-0.195618,-0.259603,-0.216027,-0.755275,-0.130657,-0.642252,0.031734,-0.012577,-0.019384,0.754051,0.291105,-0.306809,0.502526,83.0,3.0,4.0,APULL,28,Idle
8.25,-0.180174,-0.249404,-0.209164,-0.756604,-0.131114,-0.640593,0.050336,-0.008809,0.005141,0.754464,0.291382,-0.307896,0.501079,83.0,3.0,4.0,APULL,28,Idle
8.26,-0.278732,-0.289768,-0.200314,-0.758036,-0.131216,-0.638877,0.05131,0.017081,0.032462,0.754895,0.291509,-0.309167,0.499572,83.0,3.0,4.0,APULL,28,Idle
8.27,-0.33699,-0.33139,-0.192019,-0.759771,-0.130717,-0.636915,-0.004954,0.043238,0.019865,0.755366,0.291408,-0.310844,0.497875,83.0,3.0,4.0,APULL,28,Idle
8.28,-0.352063,-0.289662,-0.166805,-0.761524,-0.129927,-0.634981,-0.070737,0.05345,0.014711,0.755835,0.291174,-0.312614,0.49619,83.0,3.0,4.0,APULL,28,Idle
8.29,-0.324133,-0.27961,-0.106377,-0.763108,-0.128784,-0.63331,-0.087341,0.059128,-0.020529,0.756244,0.29077,-0.314321,0.494721,83.0,3.0,4.0,APULL,28,Idle
8.3,-0.270703,-0.279748,-0.05618,-0.76479,-0.127554,-0.631527,-0.027675,0.054937,-0.033085,0.756427,0.290488,-0.315995,0.49354,83.0,3.0,4.0,APULL,28,Idle
8.31,-0.267575,-0.2829,-0.020935,-0.766499,-0.126103,-0.629744,0.044972,0.055851,-0.008913,0.756477,0.290193,-0.317673,0.49256,83.0,3.0,4.0,APULL,28,Idle
8.32,-0.160426,-0.308983,-0.001796,-0.768355,-0.12478,-0.627743,0.06082,0.033685,-0.04697,0.756347,0.2901,-0.319328,0.491742,83.0,3.0,4.0,APULL,28,Idle
8.33,-0.060014,-0.259631,0.012562,-0.770187,-0.124083,-0.625632,0.026779,0.00952,-0.028833,0.756037,0.290401,-0.320705,0.491145,83.0,3.0,4.0,APULL,28,Idle
8.34,0.012738,-0.136673,0.045757,-0.771436,-0.12374,-0.624159,-0.012423,-0.00393,-0.033235,0.755683,0.290758,-0.321528,0.490941,83.0,3.0,4.0,APULL,28,Idle
8.35,0.074144,-0.069021,0.084809,-0.77211,-0.123508,-0.623371,-0.009155,-0.025723,-0.050869,0.755306,0.291051,-0.321875,0.491119,83.0,3.0,4.0,APULL,28,Idle
8.36,0.064429,-0.021243,0.111508,-0.77251,-0.12323,-0.622931,0.008334,-0.026245,-0.055017,0.754878,0.291296,-0.321996,0.491553,83.0,3.0,4.0,APULL,28,Idle
8.37,-0.027118,0.061651,0.122726,-0.772524,-0.122426,-0.623072,0.015841,0.012242,-0.017599,0.75459,0.291124,-0.322042,0.492067,83.0,3.0,4.0,APULL,28,Idle
8.38,-0.042878,0.117248,0.124923,-0.772102,-0.12117,-0.62384,-0.000633,0.038529,-0.008774,0.7545,0.290519,-0.321992,0.492595,83.0,3.0,4.0,APULL,28,Idle
8.39,0.076833,0.173819,0.133783,-0.771349,-0.120277,-0.624944,-0.030272,0.029258,-0.017833,0.754402,0.290008,-0.321595,0.493305,83.0,3.0,4.0,APULL,28,Idle
8.4,0.139864,0.267222,0.157451,-0.77012,-0.119904,-0.626529,-0.038444,0.038284,-0.016293,0.754233,0.289669,-0.320667,0.494365,83.0,3.0,4.0,APULL,28,Idle
8.41,0.16523,0.279901,0.180756,-0.768561,-0.119506,-0.628515,-0.012277,0.057158,-0.020853,0.75405,0.28925,-0.319494,0.495647,83.0,3.0,4.0,APULL,28,Idle
8.42,0.247841,0.290036,0.189714,-0.766991,-0.119386,-0.630453,0.01075,0.030718,-0.024362,0.753744,0.289029,-0.318175,0.497088,83.0,3.0,4.0,APULL,28,Idle
8.43,0.253087,0.304376,0.189446,-0.765331,-0.119539,-0.632439,0.011714,0.011568,-0.034202,0.753372,0.288947,-0.316686,0.498648,83.0,3.0,4.0,APULL,28,Idle
8.44,0.268192,0.304448,0.190659,-0.763628,-0.119756,-0.634453,-0.002088,0.002889,-0.024376,0.753009,0.288872,-0.315161,0.500205,83.0,3.0,4.0,APULL,28,Idle
8.45,0.281965,0.34731,0.21652,-0.761789,-0.119977,-0.636619,-0.008154,-0.023242,0.011191,0.752615,0.288778,-0.313525,0.501876,83.0,3.0,4.0,APULL,28,Idle
8.46,0.260115,0.36921,0.249452,-0.759735,-0.11993,-0.639077,0.001663,-0.040028,0.000497,0.752209,0.288514,-0.311803,0.503707,83.0,3.0,4.0,APULL,28,Idle
8.47,0.23982,0.339775,0.262006,-0.757764,-0.119585,-0.641477,0.010633,-0.041487,-0.016741,0.751758,0.288155,-0.310206,0.505568,83.0,3.0,4.0,APULL,28,Idle
8.48,0.202261,0.347993,0.269743,-0.755881,-0.118985,-0.643806,0.006629,-0.030352,0.012641,0.751294,0.287705,-0.308744,0.507406,83.0,3.0,4.0,APULL,28,Idle
8.49,0.23824,0.35912,0.293723,-0.753921,-0.118247,-0.646236,-0.004792,-0.027597,0.010341,0.750819,0.287174,-0.307267,0.509303,83.0,3.0,4.0,APULL,28,Idle
8.5,0.302928,0.351199,0.330193,-0.751957,-0.117689,-0.648621,-0.007915,-0.039904,-0.015106,0.750181,0.286813,-0.30566,0.511409,83.0,3.0,4.0,APULL,28,Idle
8.51,0.306673,0.340308,0.375064,-0.750139,-0.117039,-0.650841,0.003877,-0.037486,-0.005409,0.749354,0.286552,-0.304085,0.513702,83.0,3.0,4.0,APULL,28,Idle
8.52,0.291117,0.327575,0.405812,-0.748396,-0.116077,-0.653015,0.030455,-0.029324,0.036667,0.748423,0.286223,-0.302604,0.516111,83.0,3.0,4.0,APULL,28,Idle
8.53,0.273595,0.292606,0.42349,-0.746848,-0.114789,-0.655013,0.046042,-0.013644,0.027068,0.747414,0.285836,-0.301316,0.518535,83.0,3.0,4.0,APULL,28,Idle
8.54,0.30247,0.26648,0.451621,-0.745507,-0.11341,-0.656779,0.044228,-0.011407,0.052592,0.746297,0.285517,-0.300151,0.52099,83.0,3.0,4.0,APULL,28,Idle
8.55,0.312181,0.273307,0.479557,-0.744273,-0.111975,-0.658422,0.030665,-0.000314,0.031942,0.745022,0.285285,-0.299001,0.523596,83.0,3.0,4.0,APULL,28,Idle
8.56,0.286525,0.291761,0.485354,-0.742951,-0.110312,-0.660193,0.036301,0.036459,0.052298,0.743744,0.284921,-0.297865,0.526252,83.0,3.0,4.0,APULL,28,Idle
8.57,0.322868,0.324398,0.480225,-0.741448,-0.108705,-0.662146,0.040948,0.032778,0.050055,0.742499,0.284505,-0.29662,0.528932,83.0,3.0,4.0,APULL,28,Idle
8.58,0.385253,0.377467,0.458069,-0.739641,-0.107601,-0.664345,0.051088,-0.002812,0.048714,0.74126,0.284213,-0.295044,0.531701,83.0,3.0,4.0,APULL,28,Idle
8.59,0.364188,0.433472,0.44589,-0.737426,-0.106839,-0.666925,0.059859,-0.030994,0.065851,0.740113,0.283894,-0.293158,0.534504,83.0,3.0,4.0,APULL,28,Idle
8.6,0.350453,0.41393,0.420874,-0.734989,-0.105969,-0.669748,0.033176,-0.029483,-0.019522,0.739089,0.283385,-0.291237,0.537235,83.0,3.0,4.0,APULL,28,Idle
8.61,0.50521,0.353598,0.411967,-0.732852,-0.105798,-0.672112,-0.033169,-0.01908,-0.110054,0.737936,0.283324,-0.289261,0.539913,83.0,3.0,4.0,APULL,28,Idle
8.62,0.656039,0.400252,0.478898,-0.73081,-0.106514,-0.674219,-0.084421,-0.008659,-0.090628,0.736444,0.283841,-0.286923,0.542918,83.0,3.0,4.0,APULL,28,Idle
8.63,0.73944,0.484175,0.543595,-0.728349,-0.107468,-0.676727,-0.089629,0.027833,-0.057725,0.734678,0.284461,-0.28411,0.546454,83.0,3.0,4.0,APULL,28,Idle
8.64,0.875061,0.56838,0.518514,-0.725349,-0.109006,-0.679696,-0.076409,0.070615,-0.081885,0.732807,0.285199,-0.280738,0.55031,83.0,3.0,4.0,APULL,28,Idle
8.65,1.039358,0.6446,0.444864,-0.721746,-0.112058,-0.683027,-0.060237,0.086454,-0.054491,0.730952,0.286363,-0.276555,0.554277,83.0,3.0,4.0,APULL,28,Idle
8.66,1.30011,0.842733,0.435032,-0.717164,-0.116852,-0.687038,-0.036574,0.046525,-0.003773,0.729094,0.287927,-0.271254,0.558517,83.0,3.0,4.0,APULL,28,Idle
8.67,1.654817,0.918534,0.454504,-0.711522,-0.123859,-0.691661,-0.028315,-0.019161,-0.040029,0.726904,0.290199,-0.264488,0.563419,83.0,3.0,4.0,APULL,28,Idle
8.68,2.046659,0.833652,0.457179,-0.706018,-0.133486,-0.6955,0.009469,-0.026869,-0.040965,0.72405,0.293845,-0.25672,0.568772,83.0,3.0,4.0,APULL,28,Idle
8.69,2.409891,0.772863,0.509945,-0.701101,-0.14567,-0.698024,0.044409,-0.020391,-0.018834,0.720376,0.299013,-0.248151,0.574517,83.0,3.0,4.0,APULL,28,Idle
8.7,2.574668,0.853893,0.556524,-0.696253,-0.159495,-0.699853,0.011087,-0.023077,0.009881,0.716018,0.305047,-0.238789,0.580728,83.0,3.0,4.0,APULL,28,Idle
8.71,2.53472,0.891727,0.505988,-0.690995,-0.173692,-0.701681,-0.076476,-0.009733,-0.042429,0.711528,0.310987,-0.229012,0.587,83.0,3.0,4.0,APULL,28,Idle
8.72,2.558014,0.949138,0.462753,-0.685383,-0.188314,-0.703412,-0.159954,-0.043101,-0.063251,0.70716,0.31677,-0.218977,0.592984,83.0,3.0,4.0,APULL,28,Idle
8.73,2.514748,1.04955,0.489005,-0.679286,-0.203041,-0.705227,-0.180684,-0.082436,-0.070271,0.702731,0.322283,-0.208616,0.598985,83.0,3.0,4.0,APULL,28,Idle
8.74,2.370434,1.094154,0.483625,-0.672711,-0.217017,-0.707363,-0.179858,-0.048272,-0.049976,0.69838,0.327117,-0.198275,0.604936,83.0,3.0,4.0,APULL,28,Idle
8.75,2.300383,1.136775,0.449583,-0.665829,-0.230425,-0.709631,-0.179264,0.005159,-0.039057,0.694191,0.331392,-0.188052,0.610667,83.0,3.0,4.0,APULL,28,Idle
8.76,2.178986,1.246108,0.41756,-0.658372,-0.243574,-0.712193,-0.168166,0.047635,0.034306,0.690207,0.335131,-0.177738,0.616207,83.0,3.0,4.0,APULL,28,Idle
8.77,1.962468,1.371352,0.399804,-0.650038,-0.255721,-0.715582,-0.163317,0.089233,0.065894,0.686583,0.337869,-0.167492,0.621607,83.0,3.0,4.0,APULL,28,Idle
8.78,1.748881,1.444669,0.358689,-0.640822,-0.266575,-0.71992,-0.13463,0.119877,-0.016972,0.683407,0.339472,-0.157475,0.62683,83.0,3.0,4.0,APULL,28,Idle
8.79,1.673028,1.353647,0.342704,-0.631595,-0.276667,-0.724254,-0.02876,0.135294,-0.101094,0.680497,0.340584,-0.147905,0.631705,83.0,3.0,4.0,APULL,28,Idle
8.8,1.572825,1.303637,0.39388,-0.62299,-0.286278,-0.727962,0.107853,0.128335,-0.03191,0.677492,0.341681,-0.138827,0.636384,83.0,3.0,4.0,APULL,28,Idle
8.81,1.294031,1.263105,0.439276,-0.614773,-0.294171,-0.731791,0.188076,0.096035,0.045618,0.674563,0.342129,-0.130584,0.640984,83.0,3.0,4.0,APULL,28,Idle
8.82,1.023866,1.230675,0.381552,-0.606869,-0.300176,-0.735938,0.222073,0.05251,0.088706,0.672024,0.34178,-0.123358,0.645254,83.0,3.0,4.0,APULL,28,Idle
8.83,0.645743,1.15304,0.251333,-0.599,-0.304468,-0.740607,0.222962,0.025354,0.097449,0.670286,0.340541,-0.117169,0.64886,83.0,3.0,4.0,APULL,28,Idle
8.84,0.327695,1.048612,0.193778,-0.591418,-0.30676,-0.745736,0.21831,0.029691,0.074899,0.669408,0.338423,-0.112258,0.651737,83.0,3.0,4.0,APULL,28,Idle
8.85,0.005547,0.87535,0.21953,-0.584826,-0.306815,-0.750895,0.213946,0.055671,0.034602,0.66899,0.335722,-0.108826,0.654141,83.0,3.0,4.0,APULL,28,Idle
8.86,-0.251782,0.798176,0.277344,-0.579289,-0.304412,-0.756147,0.175556,0.042159,0.040845,0.668837,0.332426,-0.106861,0.656301,83.0,3.0,4.0,APULL,28,Idle
8.87,-0.702628,0.728998,0.310353,-0.574352,-0.299262,-0.761946,0.10635,-0.035684,0.041808,0.66902,0.328228,-0.106271,0.65832,83.0,3.0,4.0,APULL,28,Idle
8.88,-1.2897,0.5993,0.35058,-0.570222,-0.289667,-0.768727,0.051301,-0.134772,0.055866,0.669934,0.322482,-0.107898,0.659964,83.0,3.0,4.0,APULL,28,Idle
8.89,-1.640489,0.381044,0.414026,-0.56744,-0.276,-0.775781,0.048137,-0.178849,-0.006263,0.671316,0.315631,-0.111743,0.66123,83.0,3.0,4.0,APULL,28,Idle
8.9,-1.520111,0.043293,0.46127,-0.56697,-0.260935,-0.781318,0.06668,-0.055944,-0.082665,0.672518,0.309251,-0.117066,0.662102,83.0,3.0,4.0,APULL,28,Idle
8.91,-1.07518,-0.083433,0.541029,-0.568537,-0.247897,-0.784419,0.067819,0.104312,-0.005116,0.672846,0.304694,-0.122279,0.662938,83.0,3.0,4.0,APULL,28,Idle
8.92,-0.618772,-0.064591,0.67067,-0.570633,-0.237746,-0.786038,0.006012,0.196852,0.074704,0.672075,0.301713,-0.126294,0.66433,83.0,3.0,4.0,APULL,28,Idle
8.93,-0.223102,0.087482,0.795976,-0.572336,-0.230333,-0.787006,-0.008627,0.179064,0.120044,0.67024,0.299868,-0.128749,0.666545,83.0,3.0,4.0,APULL,28,Idle
8.94,-0.12685,0.134909,0.812394,-0.573202,-0.224583,-0.788037,0.03713,0.099141,0.106412,0.667796,0.298464,-0.130003,0.669378,83.0,3.0,4.0,APULL,28,Idle
8.95,-0.764169,0.223478,0.688522,-0.573547,-0.217021,-0.789902,0.027923,-0.078618,0.290085,0.666007,0.296037,-0.131952,0.671852,83.0,3.0,4.0,APULL,28,Idle
8.96,-1.644865,0.320791,0.623843,-0.572711,-0.203688,-0.794049,-0.03111,-0.24576,0.182584,0.665758,0.290632,-0.136047,0.67364,83.0,3.0,4.0,APULL,28,Idle
8.97,-2.269616,0.392189,0.679782,-0.571038,-0.184095,-0.800016,-0.044349,-0.46834,0.096768,0.66672,0.282294,-0.142485,0.674902,83.0,3.0,4.0,APULL,28,Idle
8.98,-2.140289,0.079397,1.018079,-0.570484,-0.161218,-0.80533,0.014866,-0.695837,-0.128431,0.667205,0.273321,-0.150434,0.67639,83.0,3.0,4.0,APULL,28,Idle
8.99,-2.651348,-0.650962,1.167808,-0.574187,-0.136086,-0.807335,0.232207,-0.260094,-0.573875,0.666255,0.265586,-0.160612,0.678065,83.0,3.0,4.0,APULL,28,Idle
9.0,-3.257253,-1.307184,0.719314,-0.583948,-0.106027,-0.804837,0.238672,0.506113,-0.259311,0.666139,0.258257,-0.17574,0.677257,83.0,3.0,4.0,APULL,28,Idle
9.01,-2.079429,-0.759882,0.457377,-0.593228,-0.080437,-0.801006,-0.15514,0.517113,0.040203,0.666761,0.25219,-0.189465,0.675229,83.0,3.0,4.0,APULL,28,Idle
9.02,-0.693067,-0.10449,0.504014,-0.596661,-0.067079,-0.799685,-0.445316,0.41765,-0.042356,0.666458,0.24864,-0.195794,0.675038,83.0,3.0,4.0,APULL,28,Idle
9.03,-0.222802,-0.043386,0.498095,-0.597391,-0.060507,-0.799664,-0.325735,0.50292,-0.123889,0.665201,0.24685,-0.198074,0.676269,83.0,3.0,4.0,APULL,28,Idle
9.04,-0.071891,-0.018967,0.326845,-0.597933,-0.057059,-0.799512,-0.076093,0.221442,-0.036349,0.663915,0.24616,-0.199121,0.677476,83.0,3.0,4.0,APULL,28,Idle
9.05,-0.563434,0.080852,0.295325,-0.59782,-0.053092,-0.799871,0.081859,-0.25898,0.029744,0.663262,0.244842,-0.200293,0.678247,83.0,3.0,4.0,APULL,28,Idle
9.06,-1.255215,0.027733,0.341948,-0.597467,-0.04372,-0.800701,0.193765,-0.511395,0.089214,0.663379,0.24121,-0.203635,0.678439,83.0,3.0,4.0,APULL,28,Idle
9.07,-1.584398,0.093536,0.426751,-0.59726,-0.029909,-0.80149,0.263672,-0.525404,0.255271,0.663857,0.23589,-0.208832,0.678262,83.0,3.0,4.0,APULL,28,Idle
9.08,-1.567502,0.215022,0.457476,-0.596093,-0.014367,-0.802787,0.263848,-0.248542,0.260673,0.664342,0.229563,-0.21426,0.678265,83.0,3.0,4.0,APULL,28,Idle
9.09,-0.983458,0.192977,0.234442,-0.594442,-0.001562,-0.804137,0.179281,0.218481,0.086745,0.664838,0.22406,-0.218469,0.678277,83.0,3.0,4.0,APULL,28,Idle
9.1,0.184151,0.20147,-0.051814,-0.5929,0.002274,-0.805273,0.060719,0.539978,-0.090235,0.665241,0.221934,-0.219337,0.6783,83.0,3.0,4.0,APULL,28,Idle
9.11,1.256851,0.342256,-0.050956,-0.590707,-0.004266,-0.806875,-0.004523,0.515084,-0.101252,0.664943,0.223609,-0.215781,0.679183,83.0,3.0,4.0,APULL,28,Idle
9.12,1.491034,0.404184,0.023639,-0.587614,-0.015923,-0.808985,-0.01227,0.264092,-0.016226,0.663733,0.227097,-0.209605,0.68114,83.0,3.0,4.0,APULL,28,Idle
9.13,1.167282,0.344115,-0.040502,-0.584547,-0.026932,-0.810913,-0.053088,0.01683,-0.03859,0.662593,0.230306,-0.203722,0.682954,83.0,3.0,4.0,APULL,28,Idle
9.14,0.565257,0.295391,-0.010753,-0.581957,-0.034229,-0.812499,-0.09712,-0.240903,-0.03502,0.662022,0.232149,-0.199643,0.684088,83.0,3.0,4.0,APULL,28,Idle
9.15,0.000187,0.221321,0.099249,-0.579818,-0.036171,-0.813943,-0.092057,-0.278297,-0.038566,0.661807,0.232097,-0.197887,0.684824,83.0,3.0,4.0,APULL,28,Idle
9.16,-0.109056,0.183153,0.18191,-0.578252,-0.034521,-0.815127,-0.099833,-0.181864,0.005557,0.661643,0.230939,-0.197747,0.685414,83.0,3.0,4.0,APULL,28,Idle
9.17,0.150565,0.191978,0.274387,-0.576752,-0.033349,-0.816238,-0.160782,-0.047767,-0.005829,0.66103,0.230109,-0.197309,0.68641,83.0,3.0,4.0,APULL,28,Idle
9.18,0.462721,0.200251,0.289276,-0.575297,-0.034174,-0.817231,-0.200353,0.134119,-0.080139,0.659873,0.230178,-0.195966,0.687883,83.0,3.0,4.0,APULL,28,Idle
9.19,0.828659,0.27132,0.269035,-0.573486,-0.037985,-0.818334,-0.175888,0.170675,-0.07371,0.658399,0.231277,-0.193245,0.689694,83.0,3.0,4.0,APULL,28,Idle
9.2,0.9617,0.29849,0.301198,-0.571217,-0.043797,-0.81963,-0.103283,0.082554,-0.126766,0.656641,0.232985,-0.18948,0.691837,83.0,3.0,4.0,APULL,28,Idle
9.21,0.964793,0.226995,0.272425,-0.569175,-0.050015,-0.820694,-0.021126,0.058056,-0.188736,0.654739,0.234947,-0.185616,0.69402,83.0,3.0,4.0,APULL,28,Idle
9.22,1.157146,0.226734,0.193199,-0.56747,-0.057307,-0.821397,-0.020176,0.09109,-0.175154,0.652885,0.237391,-0.181512,0.696018,83.0,3.0,4.0,APULL,28,Idle
9.23,1.464841,0.333805,0.124631,-0.565306,-0.067172,-0.822142,-0.068331,0.139408,-0.039201,0.651028,0.240556,-0.176244,0.698022,83.0,3.0,4.0,APULL,28,Idle
9.24,1.874223,0.447281,0.100524,-0.562113,-0.080236,-0.823159,-0.078298,0.161123,-0.01818,0.648957,0.244479,-0.169265,0.700311,83.0,3.0,4.0,APULL,28,Idle
9.25,2.341601,0.515561,0.033699,-0.558159,-0.097199,-0.824021,0.003151,0.139405,0.026963,0.646507,0.249536,-0.160379,0.70288,83.0,3.0,4.0,APULL,28,Idle
9.26,2.699672,0.589292,-0.027111,-0.553582,-0.118128,-0.824374,0.10621,0.119334,0.155093,0.643725,0.255772,-0.149645,0.705553,83.0,3.0,4.0,APULL,28,Idle
9.27,2.693281,0.619431,-0.039667,-0.548498,-0.140791,-0.824214,0.19042,0.07318,0.280619,0.640759,0.26239,-0.138003,0.708191,83.0,3.0,4.0,APULL,28,Idle
9.28,2.566947,0.598811,-0.049236,-0.543269,-0.16261,-0.82366,0.237941,-0.055499,0.300162,0.637852,0.268568,-0.126653,0.710616,83.0,3.0,4.0,APULL,28,Idle
9.29,2.591537,0.479111,-0.176406,-0.538593,-0.184487,-0.82212,0.250477,-0.226813,0.223411,0.635031,0.27493,-0.115557,0.712598,83.0,3.0,4.0,APULL,28,Idle
9.3,2.203214,0.352677,-0.232299,-0.53479,-0.205515,-0.819612,0.223938,-0.223028,0.220918,0.632675,0.281249,-0.105324,0.713813,83.0,3.0,4.0,APULL,28,Idle
9.31,1.823451,0.300529,-0.215636,-0.531648,-0.22328,-0.817005,0.187226,-0.149844,0.143757,0.630758,0.286597,-0.096745,0.714596,83.0,3.0,4.0,APULL,28,Idle
9.32,1.277959,0.282538,-0.241472,-0.528707,-0.237139,-0.815006,0.07816,-0.079725,0.228519,0.629464,0.290531,-0.089939,0.715037,83.0,3.0,4.0,APULL,28,Idle
9.33,1.267854,0.288413,-0.287586,-0.525757,-0.248633,-0.813487,-0.095535,-0.03808,0.188457,0.628748,0.293531,-0.084237,0.715136,83.0,3.0,4.0,APULL,28,Idle
9.34,1.251883,0.287576,-0.29032,-0.522651,-0.260596,-0.811743,-0.139504,-0.039529,0.146017,0.627997,0.296646,-0.078294,0.715186,83.0,3.0,4.0,APULL,28,Idle
9.35,0.904067,0.273549,-0.301663,-0.519601,-0.270962,-0.810305,-0.071662,-0.074986,0.27431,0.627542,0.299175,-0.073088,0.715083,83.0,3.0,4.0,APULL,28,Idle
9.36,0.51664,0.271442,-0.276086,-0.516568,-0.278341,-0.809743,0.003186,-0.268503,0.371373,0.6276,0.300567,-0.069198,0.714835,83.0,3.0,4.0,APULL,28,Idle
9.37,-0.025061,0.268655,-0.240485,-0.513668,-0.281691,-0.810429,0.101528,-0.411394,0.482304,0.628245,0.300477,-0.067077,0.714508,83.0,3.0,4.0,APULL,28,Idle
9.38,-0.608761,0.346892,-0.161579,-0.510657,-0.280152,-0.812862,0.166968,-0.41545,0.631435,0.629545,0.298472,-0.066962,0.714215,83.0,3.0,4.0,APULL,28,Idle
9.39,-1.290034,0.46132,-0.123277,-0.506862,-0.27327,-0.817566,0.150203,-0.391143,0.54007,0.631561,0.29409,-0.06876,0.714082,83.0,3.0,4.0,APULL,28,Idle
9.4,-2.325196,0.205346,-0.128967,-0.503614,-0.25909,-0.824163,0.13661,-0.313588,0.044729,0.634748,0.287156,-0.073892,0.713566,83.0,3.0,4.0,APULL,28,Idle
9.41,-2.691423,-0.257867,-0.221523,-0.503438,-0.238639,-0.830423,0.127583,-0.092751,-0.485892,0.639008,0.279125,-0.082932,0.711955,83.0,3.0,4.0,APULL,28,Idle
9.42,-2.350284,-0.391179,-0.309686,-0.505731,-0.218756,-0.834495,0.024759,0.219381,-0.543679,0.643323,0.272306,-0.092746,0.709495,83.0,3.0,4.0,APULL,28,Idle
9.43,-1.867807,-0.288962,-0.346996,-0.507952,-0.202789,-0.837175,-0.19026,0.413574,-0.411544,0.647164,0.266893,-0.100899,0.706941,83.0,3.0,4.0,APULL,28,Idle
9.44,-1.391526,-0.267454,-0.495842,-0.509425,-0.191231,-0.838998,-0.329565,0.371666,-0.275535,0.650643,0.262782,-0.106989,0.704388,83.0,3.0,4.0,APULL,28,Idle
9.45,-1.029054,-0.235729,-0.622881,-0.51051,-0.184063,-0.839941,-0.292469,0.155956,-0.117762,0.654075,0.260081,-0.111299,0.701539,83.0,3.0,4.0,APULL,28,Idle
9.46,-0.993067,-0.243894,-0.584116,-0.511351,-0.178917,-0.840541,-0.134157,-0.055428,-0.027944,0.657357,0.258012,-0.114713,0.69868,83.0,3.0,4.0,APULL,28,Idle
9.47,-1.223891,-0.350811,-0.5068,-0.512833,-0.172384,-0.841003,0.050202,-0.136835,0.06282,0.660523,0.255687,-0.11884,0.695852,83.0,3.0,4.0,APULL,28,Idle
9.48,-1.381563,-0.43184,-0.462217,-0.515375,-0.163909,-0.841144,0.162332,-0.145325,0.209872,0.663624,0.25305,-0.124072,0.692947,83.0,3.0,4.0,APULL,28,Idle
9.49,-1.585101,-0.382419,-0.442349,-0.518113,-0.153798,-0.841371,0.193376,-0.105952,0.178712,0.666782,0.249837,-0.129984,0.689991,83.0,3.0,4.0,APULL,28,Idle
9.5,-1.752857,-0.423738,-0.529164,-0.520679,-0.14208,-0.841847,0.177906,-0.021205,-0.069362,0.670267,0.245853,-0.136502,0.686779,83.0,3.0,4.0,APULL,28,Idle
9.51,-1.641329,-0.58246,-0.678613,-0.524132,-0.130827,-0.841529,0.10302,0.060667,-0.086633,0.674086,0.242258,-0.143341,0.682915,83.0,3.0,4.0,APULL,28,Idle
9.52,-1.319879,-0.567122,-0.692317,-0.528173,-0.121958,-0.840333,-0.033061,0.087732,-0.052291,0.677832,0.239722,-0.149556,0.678757,83.0,3.0,4.0,APULL,28,Idle
9.53,-1.009313,-0.410948,-0.605246,-0.531485,-0.115673,-0.839132,-0.110406,0.099652,-0.028192,0.681062,0.237922,-0.154359,0.675071,83.0,3.0,4.0,APULL,28,Idle
9.54,-0.822289,-0.288351,-0.540129,-0.533744,-0.111099,-0.838316,-0.088463,0.108566,-0.025759,0.683787,0.236438,-0.15792,0.672008,83.0,3.0,4.0,APULL,28,Idle
9.55,-0.695856,-0.286384,-0.565691,-0.535482,-0.107641,-0.837659,-0.015467,0.100668,-0.072161,0.686297,0.2352,-0.160784,0.669198,83.0,3.0,4.0,APULL,28,Idle
9.56,-0.61103,-0.383601,-0.613447,-0.537649,-0.105421,-0.836552,0.042852,0.066587,-0.081233,0.688764,0.234578,-0.163392,0.666243,83.0,3.0,4.0,APULL,28,Idle
9.57,-0.669212,-0.479643,-0.619938,-0.540606,-0.103451,-0.834891,0.051592,0.049831,-0.057886,0.691209,0.234331,-0.166264,0.66308,83.0,3.0,4.0,APULL,28,Idle
9.58,-0.74718,-0.539719,-0.618728,-0.544229,-0.100909,-0.832846,0.036325,0.025897,0.011252,0.693675,0.234084,-0.169652,0.659725,83.0,3.0,4.0,APULL,28,Idle
9.59,-0.900489,-0.571898,-0.61577,-0.548237,-0.097534,-0.830616,0.02715,-0.015823,0.034428,0.696177,0.233623,-0.173529,0.656236,83.0,3.0,4.0,APULL,28,Idle
9.6,-1.066175,-0.6556,-0.641581,-0.552711,-0.092795,-0.828191,0.038871,-0.037347,0.038533,0.698861,0.232725,-0.178167,0.652448,83.0,3.0,4.0,APULL,28,Idle
9.61,-1.145976,-0.707381,-0.626385,-0.557808,-0.087225,-0.825374,0.066673,-0.063975,0.113903,0.701599,0.231673,-0.183414,0.648419,83.0,3.0,4.0,APULL,28,Idle
9.62,-1.243927,-0.75659,-0.576642,-0.563309,-0.080702,-0.822296,0.065461,-0.048265,0.073654,0.704268,0.230363,-0.189169,0.644325,83.0,3.0,4.0,APULL,28,Idle
9.63,-1.18258,-0.852396,-0.509719,-0.569517,-0.073756,-0.818664,0.056699,0.005686,0.028152,0.706642,0.22917,-0.195318,0.640304,83.0,3.0,4.0,APULL,28,Idle
9.64,-1.175568,-0.813821,-0.445493,-0.576088,-0.06689,-0.814646,0.071343,0.07069,0.11114,0.708661,0.228187,-0.201514,0.636493,83.0,3.0,4.0,APULL,28,Idle
9.65,-1.225451,-0.712196,-0.463698,-0.581989,-0.059644,-0.811006,0.10207,0.114912,0.130113,0.710678,0.226765,-0.207544,0.632803,83.0,3.0,4.0,APULL,28,Idle
9.66,-1.099076,-0.719448,-0.55055,-0.58743,-0.053084,-0.807532,0.107617,0.072584,0.010169,0.71286,0.225343,-0.213201,0.628965,83.0,3.0,4.0,APULL,28,Idle
9.67,-0.923708,-0.770855,-0.609001,-0.593172,-0.048465,-0.803616,0.065996,0.011676,-0.050937,0.715029,0.224741,-0.218366,0.624933,83.0,3.0,4.0,APULL,28,Idle
9.68,-0.996721,-0.738378,-0.552088,-0.598999,-0.044347,-0.799521,-0.009598,0.009938,-0.03721,0.71708,0.224358,-0.223389,0.620932,83.0,3.0,4.0,APULL,28,Idle
9.69,-1.082614,-0.690766,-0.474436,-0.604483,-0.039014,-0.795662,-0.065469,0.011289,-0.026726,0.719019,0.223368,-0.228639,0.617125,83.0,3.0,4.0,APULL,28,Idle
9.7,-1.053523,-0.608987,-0.465277,-0.60951,-0.033391,-0.792075,-0.077669,-0.014521,-0.003061,0.720884,0.222087,-0.233752,0.613485,83.0,3.0,4.0,APULL,28,Idle
9.71,-1.109137,-0.514213,-0.487677,-0.61378,-0.027796,-0.788988,-0.050542,-0.001135,-0.045378,0.722877,0.220471,-0.238534,0.609872,83.0,3.0,4.0,APULL,28,Idle
9.72,-1.113491,-0.47474,-0.513667,-0.61753,-0.022058,-0.786238,0.007286,0.042291,-0.070665,0.725044,0.218512,-0.243174,0.60616,83.0,3.0,4.0,APULL,28,Idle
9.73,-1.007537,-0.41672,-0.528331,-0.620994,-0.01695,-0.783632,0.03054,0.077085,-0.042769,0.727222,0.216667,-0.247466,0.602465,83.0,3.0,4.0,APULL,28,Idle
9.74,-0.831948,-0.322633,-0.539759,-0.623796,-0.012991,-0.78148,-0.002334,0.064245,-0.061248,0.729382,0.215045,-0.25103,0.598951,83.0,3.0,4.0,APULL,28,Idle
9.75,-0.519183,-0.253347,-0.51433,-0.625969,-0.011034,-0.77977,-0.044975,0.010821,-0.083634,0.731336,0.214102,-0.253526,0.595847,83.0,3.0,4.0,APULL,28,Idle
9.76,-0.331275,-0.162377,-0.427859,-0.62755,-0.010771,-0.778502,-0.077406,-0.016176,-0.047548,0.732919,0.213809,-0.255019,0.593364,83.0,3.0,4.0,APULL,28,Idle
9.77,-0.324274,-0.080547,-0.322793,-0.628446,-0.010588,-0.777781,-0.080188,-0.010668,-0.017781,0.734228,0.213447,-0.256027,0.591439,83.0,3.0,4.0,APULL,28,Idle
9.78,-0.342694,-0.01874,-0.280032,-0.62879,-0.00987,-0.777513,-0.034266,-0.027682,-0.001631,0.735397,0.212748,-0.256869,0.589871,83.0,3.0,4.0,APULL,28,Idle
9.79,-0.399407,-0.009115,-0.28737,-0.628841,-0.008766,-0.777484,-0.001469,-0.029671,-0.069317,0.736604,0.21178,-0.257695,0.588351,83.0,3.0,4.0,APULL,28,Idle
9.8,-0.43527,-0.061972,-0.2877,-0.629063,-0.007322,-0.77732,-0.002361,0.009077,-0.146981,0.737857,0.210699,-0.258739,0.586709,83.0,3.0,4.0,APULL,28,Idle
9.81,-0.469046,-0.099381,-0.242571,-0.629718,-0.00548,-0.776804,-0.023953,0.050707,-0.087972,0.739006,0.209624,-0.260107,0.585041,83.0,3.0,4.0,APULL,28,Idle
9.82,-0.247919,-0.043263,-0.219433,-0.630278,-0.003977,-0.776359,-0.073808,0.057887,-0.06884,0.739985,0.208731,-0.261251,0.583611,83.0,3.0,4.0,APULL,28,Idle
9.83,0.120978,0.081407,-0.157859,-0.630156,-0.004825,-0.776453,-0.08014,0.002063,-0.009679,0.740619,0.208763,-0.261135,0.582847,83.0,3.0,4.0,APULL,28,Idle
9.84,0.177811,0.14957,-0.08476,-0.629171,-0.006898,-0.777236,-0.031962,-0.016005,-0.013322,0.740955,0.209181,-0.260048,0.582756,83.0,3.0,4.0,APULL,28,Idle
9.85,-0.008078,0.119362,-0.080452,-0.628058,-0.008112,-0.778124,0.048514,0.019266,0.033129,0.741265,0.209214,-0.259166,0.582742,83.0,3.0,4.0,APULL,28,Idle
9.86,-0.112196,0.060626,-0.131256,-0.627318,-0.008148,-0.778721,0.076689,0.019852,0.002857,0.741772,0.208782,-0.25894,0.582353,83.0,3.0,4.0,APULL,28,Idle
9.87,-0.0346,0.021255,-0.160972,-0.627025,-0.008545,-0.778952,0.058604,-0.029175,0.019446,0.742323,0.208614,-0.258851,0.58175,83.0,3.0,4.0,APULL,28,Idle
9.88,-0.083112,0.069252,-0.115725,-0.626674,-0.009005,-0.77923,0.009624,-0.045133,0.056131,0.742854,0.208465,-0.258704,0.581191,83.0,3.0,4.0,APULL,28,Idle
9.89,-0.145854,0.081507,-0.070707,-0.626025,-0.008719,-0.779755,-0.015638,-0.033502,0.059158,0.743339,0.207935,-0.258622,0.580796,83.0,3.0,4.0,APULL,28,Idle
9.9,-0.260763,0.058244,-0.087233,-0.625462,-0.007577,-0.780218,0.015873,-0.009955,0.048483,0.743857,0.20706,-0.258877,0.580333,83.0,3.0,4.0,APULL,28,Idle
9.91,-0.286128,0.017272,-0.137223,-0.625119,-0.006081,-0.780506,0.058514,0.022454,0.051929,0.744531,0.206032,-0.259418,0.579592,83.0,3.0,4.0,APULL,28,Idle
9.92,-0.237395,-0.048667,-0.147166,-0.62522,-0.004928,-0.780433,0.063452,0.030151,0.03086,0.745203,0.205278,-0.260085,0.578696,83.0,3.0,4.0,APULL,28,Idle
9.93,-0.13685,-0.070939,-0.104128,-0.625741,-0.004222,-0.78002,0.016335,0.030101,-0.07374,0.74567,0.204927,-0.260759,0.577915,83.0,3.0,4.0,APULL,28,Idle
9.94,-0.236074,-0.068407,-0.093627,-0.626227,-0.003489,-0.779633,0.032767,0.048808,0.065171,0.746052,0.20459,-0.261393,0.577254,83.0,3.0,4.0,APULL,28,Idle
9.95,-0.173742,-0.077371,-0.119055,-0.626783,-0.002438,-0.77919,0.017134,0.048138,-0.024079,0.746493,0.204113,-0.262189,0.576492,83.0,3.0,4.0,APULL,28,Idle
9.96,-0.141201,-0.118166,-0.113608,-0.627915,-0.002966,-0.778276,0.031709,-0.00445,0.033311,0.746884,0.204488,-0.262767,0.575589,83.0,3.0,4.0,APULL,28,Idle
9.97,-0.142363,-0.1196,-0.081853,-0.629502,-0.003203,-0.776993,0.016647,0.003234,-0.005798,0.747118,0.204944,-0.263631,0.574727,83.0,3.0,4.0,APULL,28,Idle
9.98,-0.173246,-0.152432,-0.043976,-0.630796,-0.002694,-0.775944,-0.012026,0.046045,-0.025386,0.747273,0.205037,-0.264552,0.574069,83.0,3.0,4.0,APULL,28,Idle
9.99,-0.096163,-0.171547,0.015664,-0.6316,-0.001188,-0.775293,-0.05149,0.069837,-0.027639,0.74728,0.204634,-0.265477,0.573777,83.0,3.0,4.0,APULL,28,Idle
10.0,0.087618,-0.161933,0.02092,-0.63224,-0.000438,-0.774772,-0.065483,0.077663,-0.053719,0.747054,0.204609,-0.265987,0.573844,83.0,3.0,4.0,APULL,28,Idle
10.01,0.182265,-0.126848,0.017442,-0.632366,-0.000884,-0.774669,-0.010502,0.089705,0.036922,0.746777,0.204962,-0.265812,0.574159,83.0,3.0,4.0,APULL,28,Idle
10.02,0.228271,-0.140471,0.012621,-0.633477,-0.001444,-0.77376,0.050957,0.067011,0.049197,0.746235,0.205772,-0.266041,0.574468,83.0,3.0,4.0,APULL,28,Idle
10.03,0.24687,-0.185135,0.016818,-0.634213,-0.002321,-0.773155,0.077298,0.002565,0.042167,0.745714,0.206596,-0.265971,0.574881,83.0,3.0,4.0,APULL,28,Idle
10.04,0.1638,-0.216361,0.017512,-0.635575,-0.003919,-0.772029,0.058976,-0.035983,0.011623,0.745221,0.207895,-0.266017,0.575031,83.0,3.0,4.0,APULL,28,Idle
10.05,0.08308,-0.223426,0.027231,-0.636906,-0.004624,-0.770927,0.011021,-0.053695,-0.014931,0.744793,0.208779,-0.26636,0.575106,83.0,3.0,4.0,APULL,28,Idle
10.06,0.049793,-0.228966,0.012435,-0.63848,-0.004281,-0.769626,-0.007333,-0.073173,-0.027707,0.744322,0.209315,-0.26716,0.575151,83.0,3.0,4.0,APULL,28,Idle
10.07,0.037322,-0.209406,-0.021449,-0.640279,-0.003811,-0.768133,0.026739,-0.073154,-0.000727,0.743886,0.209847,-0.268138,0.575065,83.0,3.0,4.0,APULL,28,Idle
10.08,0.059491,-0.218004,-0.033505,-0.641923,-0.003616,-0.76676,0.075929,-0.079896,0.016272,0.743558,0.2104,-0.268983,0.574893,83.0,3.0,4.0,APULL,28,Idle
10.09,0.019338,-0.252597,-0.002522,-0.643869,-0.003321,-0.765129,0.090295,-0.077199,0.052665,0.743141,0.211041,-0.269995,0.574723,83.0,3.0,4.0,APULL,28,Idle
10.1,-0.032223,-0.283912,0.016961,-0.645789,-0.002488,-0.763512,0.016867,-0.029144,-0.023963,0.742725,0.211448,-0.271171,0.574557,83.0,3.0,4.0,APULL,28,Idle
10.11,-0.02202,-0.22056,0.032808,-0.647409,-0.002157,-0.76214,-0.052817,0.018286,0.019861,0.742399,0.211936,-0.272054,0.574381,83.0,3.0,4.0,APULL,28,Idle
10.12,0.033886,-0.135458,0.033253,-0.648333,-0.002231,-0.761354,-0.089476,0.053898,-0.016005,0.742183,0.21234,-0.272461,0.574318,83.0,3.0,4.0,APULL,28,Idle
10.13,0.214341,-0.123478,0.014599,-0.64911,-0.003543,-0.760686,-0.064101,0.056018,-0.055323,0.741889,0.213259,-0.272356,0.574407,83.0,3.0,4.0,APULL,28,Idle
10.14,0.191609,-0.092711,-0.001539,-0.649771,-0.005674,-0.760109,-0.0039,0.056058,-0.017021,0.741585,0.214494,-0.271915,0.574549,83.0,3.0,4.0,APULL,28,Idle
10.15,0.193666,-0.074561,-0.018533,-0.650168,-0.007781,-0.759751,0.03446,0.041686,-0.005843,0.741415,0.215578,-0.271387,0.574612,83.0,3.0,4.0,APULL,28,Idle
10.16,0.255448,-0.065076,-0.036935,-0.650229,-0.01047,-0.759666,0.035574,-0.009931,-0.007591,0.74133,0.216768,-0.270516,0.574686,83.0,3.0,4.0,APULL,28,Idle
10.17,0.288923,-0.058229,-0.018688,-0.650286,-0.013681,-0.759566,0.007968,-0.036215,-0.029191,0.741191,0.218201,-0.269454,0.574821,83.0,3.0,4.0,APULL,28,Idle
10.18,0.260731,-0.061501,-6.8e-05,-0.650434,-0.016023,-0.759394,-0.005877,-0.023619,-0.012274,0.740909,0.219361,-0.26867,0.575109,83.0,3.0,4.0,APULL,28,Idle
10.19,0.277506,-0.028159,-0.014534,-0.651258,-0.017687,-0.75865,0.004179,-0.012052,0.029997,0.740439,0.220524,-0.26841,0.575392,83.0,3.0,4.0,APULL,28,Idle
10.2,0.30103,-0.016214,-0.037371,-0.651937,-0.019117,-0.758032,0.021352,-0.0199,0.015112,0.739979,0.221541,-0.268148,0.575715,83.0,3.0,4.0,APULL,28,Idle
10.21,0.286399,-0.040453,-0.029642,-0.652232,-0.020711,-0.757736,0.035426,-0.046138,0.011398,0.739596,0.222476,-0.267649,0.576078,83.0,3.0,4.0,APULL,28,Idle
10.22,0.152123,-0.059401,-0.02683,-0.652509,-0.021614,-0.757473,0.024808,-0.045861,0.023602,0.739274,0.223087,-0.267387,0.576377,83.0,3.0,4.0,APULL,28,Idle
10.23,0.069952,-0.086054,-0.032457,-0.652706,-0.021762,-0.757299,-0.000172,-0.027996,0.01978,0.739137,0.223272,-0.267395,0.576477,83.0,3.0,4.0,APULL,28,Idle
10.24,0.097202,-0.122275,-0.032298,-0.65306,-0.022629,-0.756968,-0.028535,-0.021423,-0.007864,0.739089,0.223763,-0.267294,0.576395,83.0,3.0,4.0,APULL,28,Idle
10.25,0.028843,-0.110083,-0.025573,-0.653528,-0.02383,-0.756527,-0.01554,0.019222,0.028241,0.739067,0.224417,-0.267158,0.576232,83.0,3.0,4.0,APULL,28,Idle
10.26,0.050366,-0.116712,-0.027823,-0.654233,-0.024489,-0.755897,0.021298,0.038664,0.025123,0.739018,0.224928,-0.267318,0.576022,83.0,3.0,4.0,APULL,28,Idle
10.27,0.144972,-0.154647,-0.031367,-0.655392,-0.025564,-0.754856,0.049908,0.004843,-0.00787,0.738795,0.22583,-0.267531,0.575856,83.0,3.0,4.0,APULL,28,Idle
10.28,0.143539,-0.172837,-0.044779,-0.656436,-0.027276,-0.753888,0.04906,0.001687,0.002485,0.738592,0.226955,-0.267483,0.575696,83.0,3.0,4.0,APULL,28,Idle
10.29,0.166812,-0.191229,-0.044791,-0.657183,-0.029899,-0.753138,0.017855,-0.00538,-0.002172,0.738545,0.228302,-0.267038,0.57543,83.0,3.0,4.0,APULL,28,Idle
10.3,0.139352,-0.194544,-0.016815,-0.658261,-0.032898,-0.752071,-0.011325,-0.030991,0.018413,0.738415,0.229945,-0.266627,0.575134,83.0,3.0,4.0,APULL,28,Idle
10.31,0.05719,-0.189303,-0.020957,-0.659857,-0.034595,-0.750595,-0.020548,-0.022336,0.010193,0.738153,0.231259,-0.266874,0.574829,83.0,3.0,4.0,APULL,28,Idle
10.32,0.06956,-0.210283,-0.027328,-0.661554,-0.035591,-0.749053,-0.001578,-0.019356,0.012343,0.737884,0.232312,-0.267404,0.574503,83.0,3.0,4.0,APULL,28,Idle
10.33,0.073538,-0.219818,-0.041454,-0.663796,-0.034937,-0.747097,0.016366,-0.008749,-0.000614,0.737337,0.232966,-0.26866,0.574354,83.0,3.0,4.0,APULL,28,Idle
10.34,0.021036,-0.20949,-0.034269,-0.665099,-0.033894,-0.745986,0.026732,0.011387,0.038024,0.736996,0.233078,-0.269596,0.574308,83.0,3.0,4.0,APULL,28,Idle
10.35,0.053221,-0.194979,-0.024973,-0.665302,-0.033979,-0.745801,0.020481,-0.009509,0.027142,0.736985,0.23318,-0.269679,0.574242,83.0,3.0,4.0,APULL,28,Idle
10.36,0.039917,-0.168506,-0.044508,-0.66554,-0.03437,-0.74557,0.027219,-0.011803,0.014521,0.736969,0.233424,-0.269682,0.574162,83.0,3.0,4.0,APULL,28,Idle
10.37,0.081281,-0.1789,-0.053618,-0.666212,-0.035195,-0.744932,0.028257,-0.016014,0.009519,0.736945,0.233983,-0.269789,0.573914,83.0,3.0,4.0,APULL,28,Idle
10.38,0.045713,-0.162699,-0.049751,-0.667658,-0.037074,-0.743544,0.008753,-0.022664,0.001921,0.736831,0.235262,-0.269962,0.573457,83.0,3.0,4.0,APULL,28,Idle
10.39,0.026324,-0.155104,-0.043497,-0.669076,-0.038326,-0.742205,-0.015128,-0.001362,0.001162,0.736747,0.236255,-0.270335,0.57298,83.0,3.0,4.0,APULL,28,Idle
10.4,0.035282,-0.136883,-0.029466,-0.670095,-0.039424,-0.741228,-0.025233,-0.002842,0.004747,0.73668,0.237055,-0.270539,0.57264,83.0,3.0,4.0,APULL,28,Idle
10.41,-0.004533,-0.146684,-0.03996,-0.670577,-0.039887,-0.740767,-0.015824,0.021104,-0.00847,0.736691,0.237389,-0.270671,0.572425,83.0,3.0,4.0,APULL,28,Idle
10.42,0.059137,-0.141553,-0.05533,-0.671595,-0.03983,-0.739847,-0.005742,0.020604,-0.002356,0.736561,0.237732,-0.27122,0.57219,83.0,3.0,4.0,APULL,28,Idle
10.43,0.10955,-0.123521,-0.055819,-0.672359,-0.041023,-0.739088,-0.004796,0.009178,-0.016665,0.7365,0.238493,-0.271251,0.571937,83.0,3.0,4.0,APULL,28,Idle
10.44,0.144507,-0.13648,-0.031887,-0.672535,-0.042586,-0.738839,0.009312,0.018645,0.010613,0.736479,0.239215,-0.270845,0.571855,83.0,3.0,4.0,APULL,28,Idle
10.45,0.149463,-0.15781,-0.023801,-0.672756,-0.044326,-0.738535,0.008831,0.033218,-0.000127,0.736387,0.240059,-0.270378,0.571841,83.0,3.0,4.0,APULL,28,Idle
10.46,0.145075,-0.162802,-0.045731,-0.673482,-0.046394,-0.737746,0.003652,0.019981,0.014236,0.736247,0.241215,-0.270078,0.571676,83.0,3.0,4.0,APULL,28,Idle
10.47,0.109739,-0.148773,-0.044799,-0.674774,-0.047311,-0.736506,-0.003921,-0.024161,0.026927,0.735939,0.242137,-0.270401,0.571531,83.0,3.0,4.0,APULL,28,Idle
10.48,-0.009928,-0.1327,-0.045102,-0.676202,-0.047745,-0.735168,0.007791,-0.049545,0.033065,0.735708,0.242859,-0.27099,0.571243,83.0,3.0,4.0,APULL,28,Idle
10.49,-0.082528,-0.134682,-0.038637,-0.677127,-0.046941,-0.734368,0.022067,-0.068965,0.032448,0.735656,0.242823,-0.27176,0.570959,83.0,3.0,4.0,APULL,28,Idle
10.5,-0.074309,-0.145822,-0.041517,-0.678113,-0.046098,-0.733511,0.00755,-0.063353,-0.015421,0.735625,0.242778,-0.272587,0.570624,83.0,3.0,4.0,APULL,28,Idle
10.51,-0.096061,-0.112562,-0.046422,-0.678855,-0.045521,-0.73286,-0.011865,-0.00523,0.005031,0.735695,0.242723,-0.273232,0.570248,83.0,3.0,4.0,APULL,28,Idle
10.52,-0.012699,-0.083408,-0.051538,-0.679471,-0.045051,-0.732318,-0.028216,0.043831,-0.002576,0.735763,0.242677,-0.273769,0.569923,83.0,3.0,4.0,APULL,28,Idle
10.53,0.068695,-0.06523,-0.062935,-0.679844,-0.045168,-0.731965,-0.015957,0.045718,-0.004684,0.735762,0.242838,-0.273948,0.569769,83.0,3.0,4.0,APULL,28,Idle
10.54,0.117045,-0.075751,-0.070555,-0.680307,-0.046071,-0.731478,0.003381,0.0351,-0.013105,0.735722,0.243378,-0.273913,0.569608,83.0,3.0,4.0,APULL,28,Idle
10.55,0.121741,-0.098038,-0.061088,-0.681026,-0.047773,-0.7307,0.008082,0.009427,0.005846,0.735653,0.244346,-0.273761,0.569354,83.0,3.0,4.0,APULL,28,Idle
10.56,0.080117,-0.090877,-0.058563,-0.681728,-0.049643,-0.72992,0.005016,0.000968,0.017227,0.735624,0.245361,-0.273565,0.569049,83.0,3.0,4.0,APULL,28,Idle
10.57,0.082352,-0.106189,-0.055291,-0.682358,-0.05155,-0.729198,0.004242,-0.009012,0.014446,0.735661,0.24634,-0.273345,0.568685,83.0,3.0,4.0,APULL,28,Idle
10.58,0.114853,-0.126423,-0.034275,-0.682967,-0.053367,-0.728497,-0.001283,-0.022484,0.013699,0.735618,0.247312,-0.273108,0.568432,83.0,3.0,4.0,APULL,28,Idle
10.59,0.034513,-0.116577,-0.008238,-0.683879,-0.054028,-0.727592,0.005656,-0.011386,0.040535,0.735395,0.247973,-0.273338,0.568322,83.0,3.0,4.0,APULL,28,Idle
10.6,0.05152,-0.142212,-0.005053,-0.684943,-0.053553,-0.726626,0.018469,-0.013647,0.027194,0.735104,0.248231,-0.273986,0.568274,83.0,3.0,4.0,APULL,28,Idle
10.61,0.212862,-0.14048,0.008299,-0.686065,-0.053753,-0.725552,0.009292,-0.054187,0.002682,0.734658,0.248868,-0.274388,0.568379,83.0,3.0,4.0,APULL,28,Idle
10.62,0.506539,0.022444,0.027649,-0.686369,-0.055569,-0.725128,-0.018023,-0.047169,-0.019211,0.734061,0.250015,-0.27373,0.568962,83.0,3.0,4.0,APULL,28,Idle
10.63,0.81238,0.072976,0.050844,-0.68589,-0.059935,-0.725233,-0.045784,-0.012788,-0.011279,0.733188,0.252136,-0.271682,0.570133,83.0,3.0,4.0,APULL,28,Idle
10.64,0.925963,-0.00042,0.129829,-0.685657,-0.065558,-0.724967,-0.025342,0.045843,0.013663,0.731853,0.255071,-0.269176,0.571729,83.0,3.0,4.0,APULL,28,Idle
10.65,0.868166,-0.03401,0.183021,-0.685934,-0.071046,-0.724187,0.002753,0.08339,0.013371,0.730182,0.258252,-0.266857,0.573522,83.0,3.0,4.0,APULL,28,Idle
10.66,0.799157,-0.043938,0.165306,-0.686383,-0.075791,-0.72328,0.008298,0.088898,0.005186,0.728546,0.261146,-0.264882,0.575205,83.0,3.0,4.0,APULL,28,Idle
10.67,0.72829,-0.005482,0.148808,-0.686696,-0.080331,-0.722493,0.014134,0.041009,0.032811,0.727044,0.263841,-0.262948,0.576762,83.0,3.0,4.0,APULL,28,Idle
10.68,0.56799,-0.038937,0.141047,-0.686974,-0.084008,-0.721809,0.016473,-0.002173,-0.0187,0.72574,0.266064,-0.261353,0.578106,83.0,3.0,4.0,APULL,28,Idle
10.69,0.441987,-0.066512,0.154336,-0.687516,-0.086721,-0.720972,0.015183,-0.044307,-0.009588,0.724561,0.267906,-0.26027,0.579222,83.0,3.0,4.0,APULL,28,Idle
10.7,0.203798,-0.023949,0.187949,-0.688031,-0.087931,-0.720334,0.02049,-0.03098,0.024823,0.723546,0.269034,-0.259719,0.580214,83.0,3.0,4.0,APULL,28,Idle
10.71,0.068595,-0.03029,0.190094,-0.688373,-0.087492,-0.720061,0.023791,0.020247,0.036712,0.722802,0.269292,-0.259713,0.581023,83.0,3.0,4.0,APULL,28,Idle
10.72,0.115482,-0.047362,0.174893,-0.688834,-0.086866,-0.719696,-0.004876,0.026975,-0.017838,0.722091,0.269498,-0.259852,0.58175,83.0,3.0,4.0,APULL,28,Idle
10.73,0.222302,-0.03478,0.159448,-0.689331,-0.086932,-0.719212,-0.040925,0.03203,-0.041576,0.721316,0.270032,-0.259763,0.582503,83.0,3.0,4.0,APULL,28,Idle
10.74,0.278171,0.018709,0.178368,-0.689525,-0.087595,-0.718946,-0.058919,0.026057,-0.0143,0.720471,0.270748,-0.259273,0.583434,83.0,3.0,4.0,APULL,28,Idle
10.75,0.307452,0.052897,0.166505,-0.689429,-0.088521,-0.718924,-0.029336,0.016377,0.004554,0.719605,0.271487,-0.25852,0.584492,83.0,3.0,4.0,APULL,28,Idle
10.76,0.281995,0.048138,0.147143,-0.689188,-0.089627,-0.719018,0.0216,-0.001468,0.028284,0.718808,0.27222,-0.257656,0.585512,83.0,3.0,4.0,APULL,28,Idle
10.77,0.221566,0.00628,0.120932,-0.689146,-0.090547,-0.718943,0.045942,-0.01277,0.005427,0.718092,0.272905,-0.257005,0.586358,83.0,3.0,4.0,APULL,28,Idle
10.78,0.100631,-0.019493,0.110509,-0.689336,-0.090915,-0.718715,0.038884,-0.009763,0.033107,0.717521,0.27337,-0.256732,0.586959,83.0,3.0,4.0,APULL,28,Idle
10.79,0.034231,-0.009135,0.12339,-0.689579,-0.090544,-0.718528,0.007801,-0.00113,0.031028,0.717064,0.273496,-0.25678,0.587438,83.0,3.0,4.0,APULL,28,Idle
10.8,0.042173,-0.01262,0.125697,-0.689785,-0.089943,-0.718405,-0.011859,-0.005699,0.017768,0.716631,0.273504,-0.256891,0.587914,83.0,3.0,4.0,APULL,28,Idle
10.81,0.074125,-0.006346,0.14096,-0.689984,-0.089445,-0.718277,-0.013858,-0.02611,0.027664,0.716152,0.273572,-0.256944,0.588443,83.0,3.0,4.0,APULL,28,Idle
10.82,0.045581,0.013402,0.147154,-0.690075,-0.088931,-0.718254,0.000347,-0.035901,0.02552,0.715643,0.273611,-0.256925,0.589051,83.0,3.0,4.0,APULL,28,Idle
10.83,0.006938,-0.002335,0.137635,-0.690162,-0.088097,-0.718273,0.015388,-0.022468,0.013988,0.71519,0.273491,-0.257034,0.58961,83.0,3.0,4.0,APULL,28,Idle
10.84,0.038971,-0.020257,0.13257,-0.690414,-0.087476,-0.718106,0.005706,0.003598,-0.01105,0.714764,0.273503,-0.257183,0.590056,83.0,3.0,4.0,APULL,28,Idle
10.85,0.11048,0.00621,0.135773,-0.68996,-0.08763,-0.718524,-0.020398,0.030364,-0.005765,0.714442,0.273556,-0.25672,0.590623,83.0,3.0,4.0,APULL,28,Idle
10.86,0.185737,0.042229,0.129239,-0.689768,-0.088263,-0.71863,-0.031652,0.030783,-0.003034,0.713951,0.273967,-0.256178,0.59126,83.0,3.0,4.0,APULL,28,Idle
10.87,0.218554,0.052301,0.124999,-0.689838,-0.089045,-0.718467,-0.01019,-0.008016,0.0214,0.713311,0.274591,-0.255668,0.591964,83.0,3.0,4.0,APULL,28,Idle
10.88,0.122551,0.05568,0.135593,-0.689911,-0.089635,-0.718323,0.021103,-0.041972,0.026917,0.712695,0.275125,-0.255234,0.592644,83.0,3.0,4.0,APULL,28,Idle
10.89,-0.000482,0.025582,0.141588,-0.690234,-0.089785,-0.717994,0.034274,-0.03639,0.008918,0.712213,0.275503,-0.255149,0.593084,83.0,3.0,4.0,APULL,28,Idle
10.9,-0.040196,0.035245,0.138371,-0.690507,-0.089928,-0.717714,0.014924,-0.027412,0.011216,0.711916,0.275782,-0.255122,0.593324,83.0,3.0,4.0,APULL,28,Idle
10.91,-0.016014,0.06325,0.146027,-0.690193,-0.089439,-0.718077,-0.007256,-0.014794,0.000563,0.71169,0.275571,-0.254994,0.593747,83.0,3.0,4.0,APULL,28,Idle
10.92,0.021495,0.082292,0.159138,-0.689518,-0.088229,-0.718874,-0.004757,0.007602,0.003283,0.711357,0.274987,-0.254843,0.594481,83.0,3.0,4.0,APULL,28,Idle
10.93,0.001454,0.087426,0.158623,-0.689333,-0.086241,-0.719293,0.001543,0.034544,0.015008,0.710823,0.274333,-0.255137,0.595296,83.0,3.0,4.0,APULL,28,Idle
10.94,0.087412,0.086873,0.142247,-0.689294,-0.08469,-0.719515,-0.011481,0.023441,0.008074,0.710265,0.27392,-0.255364,0.596055,83.0,3.0,4.0,APULL,28,Idle
10.95,0.144084,0.109291,0.140856,-0.689147,-0.084951,-0.719624,-0.031937,-0.014506,-0.005504,0.709739,0.274203,-0.254952,0.596726,83.0,3.0,4.0,APULL,28,Idle
10.96,0.127013,0.101851,0.153346,-0.688533,-0.086151,-0.72007,-0.02593,-0.018966,-0.000114,0.709369,0.274646,-0.254037,0.597353,83.0,3.0,4.0,APULL,28,Idle
10.97,0.182725,0.122456,0.162949,-0.687551,-0.087176,-0.720885,-0.006389,-0.036512,0.020552,0.708986,0.274896,-0.252963,0.598148,83.0,3.0,4.0,APULL,28,Idle
10.98,0.242353,0.164437,0.145328,-0.686642,-0.088283,-0.721615,0.008786,-0.062306,0.00285,0.708468,0.275259,-0.251843,0.599067,83.0,3.0,4.0,APULL,28,Idle
10.99,0.255041,0.168137,0.124433,-0.685691,-0.089438,-0.722377,0.01876,-0.062448,-0.005894,0.707922,0.275636,-0.250671,0.600029,83.0,3.0,4.0,APULL,28,Idle
11.0,0.209231,0.156788,0.119949,-0.684789,-0.090166,-0.723142,-0.001673,-0.042814,-0.019183,0.707389,0.275848,-0.249674,0.600976,83.0,3.0,4.0,APULL,28,Idle
11.01,0.155579,0.168775,0.112246,-0.683981,-0.090025,-0.723924,-0.0422,-0.006304,-0.010528,0.706868,0.275728,-0.249023,0.601914,83.0,3.0,4.0,APULL,28,Idle
11.02,0.200632,0.189307,0.090294,-0.683119,-0.089986,-0.724742,-0.072085,0.007726,-0.01804,0.706428,0.275596,-0.248346,0.602769,83.0,3.0,4.0,APULL,28,Idle
11.03,0.295683,0.211515,0.073214,-0.682136,-0.09141,-0.72549,-0.053964,-0.007589,-0.014058,0.706015,0.276008,-0.247133,0.603563,83.0,3.0,4.0,APULL,28,Idle
11.04,0.291881,0.227189,0.054558,-0.68102,-0.093333,-0.726293,0.000905,-0.009222,0.020086,0.70561,0.276571,-0.245686,0.604369,83.0,3.0,4.0,APULL,28,Idle
11.05,0.294843,0.222462,0.032859,-0.679814,-0.095805,-0.7271,0.040517,-0.025563,0.047412,0.705308,0.277284,-0.244057,0.605054,83.0,3.0,4.0,APULL,28,Idle
11.06,0.229167,0.204419,-0.003602,-0.678301,-0.097651,-0.728266,0.03673,-0.038198,0.019969,0.705147,0.277574,-0.242527,0.605724,83.0,3.0,4.0,APULL,28,Idle
11.07,0.164968,0.208747,-0.039042,-0.676781,-0.099207,-0.729469,-0.003257,-0.033972,0.005043,0.705197,0.277657,-0.241189,0.606162,83.0,3.0,4.0,APULL,28,Idle
11.08,0.203769,0.241501,-0.051492,-0.675111,-0.100844,-0.730791,-0.03842,-0.04175,0.012804,0.705348,0.27768,-0.239788,0.606532,83.0,3.0,4.0,APULL,28,Idle
11.09,0.272986,0.310662,-0.039712,-0.67307,-0.102879,-0.732388,-0.061289,-0.048656,-0.00896,0.705489,0.277738,-0.238049,0.607025,83.0,3.0,4.0,APULL,28,Idle
11.1,0.380333,0.41597,-0.008004,-0.670372,-0.105433,-0.734496,-0.07299,-0.060644,-0.019578,0.705548,0.277808,-0.235743,0.607824,83.0,3.0,4.0,APULL,28,Idle
11.11,0.539467,0.480027,0.028085,-0.66708,-0.108719,-0.73701,-0.072681,-0.052765,-0.070241,0.705395,0.278044,-0.23278,0.609034,83.0,3.0,4.0,APULL,28,Idle
11.12,0.770173,0.533213,0.049004,-0.663328,-0.113249,-0.73971,-0.061205,-0.005221,-0.098638,0.704974,0.278715,-0.229048,0.610628,83.0,3.0,4.0,APULL,28,Idle
11.13,1.191452,0.557475,0.065791,-0.659296,-0.120056,-0.742237,-0.074332,0.018005,-0.139919,0.704066,0.280377,-0.224211,0.612707,83.0,3.0,4.0,APULL,28,Idle
11.14,1.635687,0.571562,0.088827,-0.655242,-0.130129,-0.744127,-0.099565,0.037798,-0.110136,0.702435,0.283584,-0.217983,0.615345,83.0,3.0,4.0,APULL,28,Idle
11.15,1.886936,0.643641,0.101785,-0.650859,-0.142718,-0.745664,-0.133169,0.098605,-0.106127,0.700244,0.287837,-0.210519,0.618458,83.0,3.0,4.0,APULL,28,Idle
11.16,2.055198,0.705022,0.09307,-0.64598,-0.156757,-0.747085,-0.160218,0.132099,-0.127472,0.697758,0.292528,-0.2022,0.621833,83.0,3.0,4.0,APULL,28,Idle
11.17,2.215255,0.736318,0.080643,-0.640722,-0.172252,-0.748201,-0.158762,0.120601,-0.097914,0.695036,0.297665,-0.19312,0.62532,83.0,3.0,4.0,APULL,28,Idle
11.18,2.129487,0.775354,0.053679,-0.635178,-0.18821,-0.749084,-0.127533,0.125924,-0.065446,0.692247,0.302822,-0.183731,0.628757,83.0,3.0,4.0,APULL,28,Idle
11.19,2.050776,0.795423,0.023751,-0.629385,-0.203578,-0.749954,-0.095454,0.090221,-0.00412,0.689636,0.307519,-0.174514,0.631964,83.0,3.0,4.0,APULL,28,Idle
11.2,1.969494,0.861814,0.042629,-0.623206,-0.218596,-0.750886,-0.099358,-0.011064,0.02527,0.687116,0.311831,-0.165282,0.635071,83.0,3.0,4.0,APULL,28,Idle
11.21,1.614623,0.829603,0.121744,-0.616976,-0.231649,-0.752116,-0.075819,-0.036769,0.053615,0.684693,0.315242,-0.15673,0.638165,83.0,3.0,4.0,APULL,28,Idle
11.22,1.278301,0.673419,0.143666,-0.611519,-0.241585,-0.753446,-6.8e-05,0.025689,0.128736,0.682562,0.317579,-0.149735,0.640962,83.0,3.0,4.0,APULL,28,Idle
11.23,1.095585,0.713053,0.098504,-0.606747,-0.249898,-0.754592,0.05296,0.051763,0.169448,0.680748,0.319424,-0.143779,0.643334,83.0,3.0,4.0,APULL,28,Idle
11.24,1.036293,0.584517,-0.040748,-0.602065,-0.257359,-0.755834,0.031142,0.1032,-0.000392,0.679461,0.320817,-0.138417,0.645174,83.0,3.0,4.0,APULL,28,Idle
11.25,0.929061,0.732242,-0.019713,-0.596923,-0.265522,-0.757088,0.056884,0.064075,0.130241,0.678342,0.322252,-0.132702,0.646836,83.0,3.0,4.0,APULL,28,Idle
11.26,0.54338,0.622612,-0.094329,-0.591584,-0.271094,-0.7593,0.099198,0.131979,0.010414,0.677825,0.322422,-0.128039,0.648231,83.0,3.0,4.0,APULL,28,Idle
11.27,0.645003,0.584297,-0.120516,-0.586762,-0.276248,-0.761182,0.198914,0.205875,0.067441,0.677641,0.322563,-0.123944,0.649148,83.0,3.0,4.0,APULL,28,Idle
11.28,0.633797,0.563725,0.004021,-0.582125,-0.281556,-0.762796,0.233995,0.100602,0.159158,0.677144,0.322898,-0.119747,0.650288,83.0,3.0,4.0,APULL,28,Idle
11.29,0.720771,0.447298,0.071337,-0.578565,-0.286476,-0.763672,0.273175,-0.008446,0.186783,0.676172,0.323597,-0.115969,0.651635,83.0,3.0,4.0,APULL,28,Idle
11.3,0.330112,0.363301,0.087992,-0.575595,-0.290238,-0.764495,0.255755,-0.025405,0.104064,0.675253,0.324054,-0.112879,0.652902,83.0,3.0,4.0,APULL,28,Idle
11.31,-0.151816,0.425562,0.149184,-0.572996,-0.290223,-0.766451,0.14546,-0.08139,0.293108,0.674954,0.323022,-0.111496,0.65396,83.0,3.0,4.0,APULL,28,Idle
11.32,-0.540561,0.403187,0.249458,-0.570283,-0.286353,-0.769922,0.032197,-0.198098,0.249292,0.675097,0.320313,-0.111528,0.655138,83.0,3.0,4.0,APULL,28,Idle
11.33,-0.927119,0.269313,0.254359,-0.56839,-0.279145,-0.773958,0.022949,-0.175781,0.11513,0.675619,0.316545,-0.113225,0.656139,83.0,3.0,4.0,APULL,28,Idle
11.34,-1.100967,0.04327,0.286346,-0.56789,-0.269569,-0.77771,0.087665,-0.050392,-0.027603,0.676451,0.312363,-0.11651,0.656711,83.0,3.0,4.0,APULL,28,Idle
11.35,-1.587331,0.046462,0.332905,-0.568323,-0.257922,-0.781335,0.150583,0.02782,-0.240469,0.677422,0.307725,-0.120986,0.65709,83.0,3.0,4.0,APULL,28,Idle
11.36,-2.809607,-0.002957,0.229641,-0.568984,-0.238792,-0.786915,0.084548,0.033835,-0.149562,0.679897,0.299948,-0.12874,0.656656,83.0,3.0,4.0,APULL,28,Idle
11.37,-3.475957,-0.000847,0.155404,-0.569381,-0.212618,-0.794103,-0.134278,-0.254255,-0.14297,0.683953,0.288984,-0.139416,0.655179,83.0,3.0,4.0,APULL,28,Idle
11.38,-3.284021,-0.214743,0.304172,-0.570775,-0.183973,-0.800231,-0.138316,-0.442553,-0.125474,0.688032,0.277428,-0.151387,0.653244,83.0,3.0,4.0,APULL,28,Idle
11.39,-2.743037,-0.158848,0.518519,-0.573151,-0.157298,-0.804211,0.009216,-0.147557,0.034024,0.69063,0.267343,-0.162549,0.652025,83.0,3.0,4.0,APULL,28,Idle
11.4,-1.819915,0.05364,0.507123,-0.574369,-0.135467,-0.80731,-0.012347,0.381408,0.052137,0.691896,0.259028,-0.171026,0.65187,83.0,3.0,4.0,APULL,28,Idle
11.41,-0.60071,0.241767,0.331039,-0.573697,-0.123409,-0.809717,-0.08919,0.603847,-0.017569,0.692215,0.254038,-0.174946,0.652455,83.0,3.0,4.0,APULL,28,Idle
11.42,0.134164,0.370058,0.286446,-0.571539,-0.120016,-0.811751,-0.100489,0.448858,-0.057298,0.691763,0.252046,-0.174921,0.653711,83.0,3.0,4.0,APULL,28,Idle
11.43,0.228548,0.410292,0.335323,-0.568721,-0.1201,-0.813715,-0.008076,0.118483,-0.139135,0.690795,0.251281,-0.173206,0.655484,83.0,3.0,4.0,APULL,28,Idle
11.44,-0.322747,0.407952,0.369615,-0.565779,-0.117877,-0.816088,0.072569,-0.134107,-0.034925,0.690006,0.249534,-0.172304,0.657219,83.0,3.0,4.0,APULL,28,Idle
11.45,-0.792443,0.382258,0.344093,-0.562982,-0.111077,-0.818971,0.057748,-0.227485,0.01967,0.689884,0.24592,-0.173315,0.658441,83.0,3.0,4.0,APULL,28,Idle
11.46,-0.900958,0.369878,0.344066,-0.560241,-0.102007,-0.822025,0.015319,-0.13104,-0.021527,0.690142,0.241371,-0.175293,0.65933,83.0,3.0,4.0,APULL,28,Idle
11.47,-0.595525,0.401455,0.280737,-0.557385,-0.093817,-0.824937,-0.006382,0.136542,-0.062987,0.690363,0.237134,-0.176915,0.660203,83.0,3.0,4.0,APULL,28,Idle
11.48,-0.004589,0.44938,0.235013,-0.554139,-0.089915,-0.827554,-0.030532,0.268153,-0.041206,0.690256,0.234477,-0.176759,0.661304,83.0,3.0,4.0,APULL,28,Idle
11.49,0.494937,0.488193,0.296831,-0.550441,-0.090667,-0.829936,-0.050038,0.192245,0.029857,0.689505,0.233588,-0.174553,0.662987,83.0,3.0,4.0,APULL,28,Idle
11.5,0.594543,0.487694,0.307425,-0.546679,-0.093609,-0.832093,-0.024244,0.0854,0.060548,0.68823,0.23363,-0.171377,0.665121,83.0,3.0,4.0,APULL,28,Idle
11.51,0.557744,0.461639,0.236306,-0.542977,-0.096956,-0.834132,0.006737,0.025041,0.039897,0.687048,0.233809,-0.168129,0.667107,83.0,3.0,4.0,APULL,28,Idle
11.52,0.362126,0.428142,0.238525,-0.539467,-0.099553,-0.836101,0.033806,-0.063975,0.071758,0.686091,0.233708,-0.165318,0.668827,83.0,3.0,4.0,APULL,28,Idle
11.53,0.234989,0.364893,0.268331,-0.536412,-0.100703,-0.837926,0.029348,-0.136495,0.062032,0.685223,0.233205,-0.163255,0.670397,83.0,3.0,4.0,APULL,28,Idle
11.54,0.068383,0.342217,0.275537,-0.533776,-0.100416,-0.839643,-0.0093,-0.101275,0.075254,0.684397,0.232304,-0.161905,0.671879,83.0,3.0,4.0,APULL,28,Idle
11.55,0.087842,0.352324,0.237385,-0.531133,-0.099619,-0.841412,-0.051738,-0.04917,0.075222,0.683729,0.23117,-0.160793,0.673217,83.0,3.0,4.0,APULL,28,Idle
11.56,0.16828,0.348042,0.221889,-0.528404,-0.099413,-0.843153,-0.029275,0.010729,0.060591,0.683111,0.230211,-0.159458,0.67449,83.0,3.0,4.0,APULL,28,Idle
11.57,0.442578,0.325057,0.23343,-0.52581,-0.100747,-0.844615,0.014137,0.074685,0.029063,0.682244,0.22993,-0.157559,0.675907,83.0,3.0,4.0,APULL,28,Idle
11.58,0.639473,0.345619,0.204883,-0.523184,-0.104245,-0.84582,0.018591,0.111187,0.038752,0.681132,0.230492,-0.154801,0.677472,83.0,3.0,4.0,APULL,28,Idle
11.59,0.7196,0.312316,0.161591,-0.520528,-0.109071,-0.84685,0.017781,0.101319,-0.012296,0.679973,0.231536,-0.151547,0.679016,83.0,3.0,4.0,APULL,28,Idle
11.6,0.691704,0.221051,0.157855,-0.518486,-0.114283,-0.847415,0.050727,0.061061,-0.053342,0.678805,0.232946,-0.14842,0.68039,83.0,3.0,4.0,APULL,28,Idle
11.61,0.570028,0.192256,0.134643,-0.51692,-0.118808,-0.847749,0.032148,0.051777,-0.064208,0.677711,0.234259,-0.145768,0.681603,83.0,3.0,4.0,APULL,28,Idle
11.62,0.588705,0.149558,0.053158,-0.515613,-0.123026,-0.847943,-0.000866,0.098979,-0.101794,0.67684,0.235502,-0.143412,0.682539,83.0,3.0,4.0,APULL,28,Idle
11.63,0.889813,0.127943,0.0299,-0.514514,-0.129053,-0.847715,-0.051999,0.129313,-0.174899,0.675933,0.237497,-0.140491,0.683354,83.0,3.0,4.0,APULL,28,Idle
11.64,1.317896,0.142641,0.027617,-0.513515,-0.138152,-0.846886,-0.111104,0.144499,-0.185508,0.674593,0.240747,-0.136373,0.684374,83.0,3.0,4.0,APULL,28,Idle
11.65,1.710324,0.288972,0.034666,-0.511732,-0.150974,-0.845776,-0.158816,0.156833,-0.086154,0.672782,0.24515,-0.130435,0.685749,83.0,3.0,4.0,APULL,28,Idle
11.66,1.81594,0.351128,0.002657,-0.50901,-0.165816,-0.844638,-0.139183,0.112288,-0.064481,0.670708,0.249962,-0.123288,0.687364,83.0,3.0,4.0,APULL,28,Idle
11.67,1.833284,0.337595,-0.026291,-0.506104,-0.18145,-0.843169,-0.046661,0.008629,-0.040238,0.668627,0.254972,-0.11578,0.688856,83.0,3.0,4.0,APULL,28,Idle
11.68,1.605708,0.293186,0.007108,-0.503436,-0.196051,-0.841497,0.024371,-0.040125,-0.017619,0.666612,0.259659,-0.10876,0.690201,83.0,3.0,4.0,APULL,28,Idle
11.69,1.318384,0.24632,0.017393,-0.501204,-0.208261,-0.839894,0.051176,-0.05979,0.051183,0.664774,0.263588,-0.10283,0.691392,83.0,3.0,4.0,APULL,28,Idle
11.7,1.25627,0.255804,-0.055665,-0.499151,-0.218918,-0.838405,0.042852,-0.047272,0.08546,0.663284,0.266948,-0.097653,0.692284,83.0,3.0,4.0,APULL,28,Idle
11.71,1.334097,0.285279,-0.102741,-0.496652,-0.230262,-0.836849,0.043283,-0.067376,0.208385,0.661957,0.270354,-0.09211,0.692992,83.0,3.0,4.0,APULL,28,Idle
11.72,1.342623,0.28148,-0.058127,-0.49413,-0.241869,-0.835066,0.120168,-0.039122,0.175169,0.660513,0.273859,-0.086421,0.693726,83.0,3.0,4.0,APULL,28,Idle
11.73,1.202549,0.286314,-0.065551,-0.491576,-0.252921,-0.833297,0.179793,-0.049035,0.2126,0.659086,0.277134,-0.08092,0.694445,83.0,3.0,4.0,APULL,28,Idle
11.74,0.810267,0.212279,-0.080559,-0.489317,-0.261567,-0.831956,0.099928,-0.13327,0.157716,0.65803,0.279579,-0.076533,0.694964,83.0,3.0,4.0,APULL,28,Idle
11.75,0.520709,0.170151,-0.125423,-0.487513,-0.267621,-0.83109,0.022242,-0.148699,0.126958,0.657518,0.281173,-0.073461,0.695137,83.0,3.0,4.0,APULL,28,Idle
11.76,0.283024,0.142447,-0.160766,-0.485833,-0.271552,-0.830798,0.03402,-0.051415,0.145236,0.657538,0.281962,-0.071401,0.695012,83.0,3.0,4.0,APULL,28,Idle
11.77,0.138871,0.100416,-0.146321,-0.484384,-0.274106,-0.830806,0.025262,-0.063052,0.208552,0.657807,0.282302,-0.07002,0.694761,83.0,3.0,4.0,APULL,28,Idle
11.78,-0.063525,0.049802,-0.135181,-0.48337,-0.275093,-0.83107,0.015658,-0.136315,0.233765,0.658274,0.282209,-0.069447,0.694413,83.0,3.0,4.0,APULL,28,Idle
11.79,-0.222746,0.013208,-0.09886,-0.482812,-0.274341,-0.831643,0.081551,-0.166775,0.246133,0.658894,0.281631,-0.06973,0.694032,83.0,3.0,4.0,APULL,28,Idle
11.8,-0.109364,-0.021525,-0.117359,-0.482627,-0.273287,-0.832097,0.149954,-0.139402,0.335668,0.659525,0.281092,-0.070277,0.693596,83.0,3.0,4.0,APULL,28,Idle
11.81,0.078772,0.030128,-0.116365,-0.48226,-0.273897,-0.832109,0.152579,-0.151564,0.353212,0.659932,0.281131,-0.070078,0.693213,83.0,3.0,4.0,APULL,28,Idle
11.82,-0.127591,0.051782,-0.101966,-0.481576,-0.274425,-0.832331,0.145059,-0.154637,0.349192,0.660341,0.281008,-0.069777,0.692904,83.0,3.0,4.0,APULL,28,Idle
11.83,-0.868575,-0.027903,-0.069745,-0.481173,-0.270904,-0.833717,0.131488,-0.155152,0.154228,0.661288,0.27941,-0.071218,0.6925,83.0,3.0,4.0,APULL,28,Idle
11.84,-1.290209,-0.158556,-0.157585,-0.481643,-0.262017,-0.836282,0.084777,-0.116035,-0.222586,0.663196,0.276032,-0.075267,0.691601,83.0,3.0,4.0,APULL,28,Idle
11.85,-1.391529,-0.219356,-0.233074,-0.482854,-0.251674,-0.838756,-0.029932,0.049358,-0.308339,0.665648,0.272338,-0.080338,0.690138,83.0,3.0,4.0,APULL,28,Idle
11.86,-1.295393,-0.128935,-0.232268,-0.483799,-0.241269,-0.841265,-0.221599,0.202649,-0.27345,0.668229,0.268481,-0.085356,0.688551,83.0,3.0,4.0,APULL,28,Idle
11.87,-0.862533,-0.089961,-0.24978,-0.484122,-0.233279,-0.843331,-0.323068,0.185412,-0.224403,0.670449,0.265314,-0.089124,0.687141,83.0,3.0,4.0,APULL,28,Idle
11.88,-0.562687,-0.109713,-0.242625,-0.484369,-0.228602,-0.844469,-0.252478,0.120844,-0.13275,0.672203,0.263418,-0.091522,0.685841,83.0,3.0,4.0,APULL,28,Idle
11.89,-0.493017,-0.144801,-0.183792,-0.484968,-0.225309,-0.84501,-0.098162,0.039152,-0.036093,0.673546,0.262233,-0.093428,0.68472,83.0,3.0,4.0,APULL,28,Idle
11.9,-0.637024,-0.229831,-0.15847,-0.486159,-0.221448,-0.845346,0.044616,-0.030123,0.034921,0.674741,0.261084,-0.095719,0.683665,83.0,3.0,4.0,APULL,28,Idle
11.91,-0.8373,-0.320807,-0.234821,-0.488107,-0.216062,-0.845618,0.10328,-0.062701,0.043906,0.676242,0.259607,-0.098972,0.682279,83.0,3.0,4.0,APULL,28,Idle
11.92,-0.941646,-0.337688,-0.297734,-0.490326,-0.209846,-0.845899,0.085785,-0.084054,0.014265,0.67816,0.25785,-0.102781,0.680477,83.0,3.0,4.0,APULL,28,Idle
11.93,-1.085446,-0.335587,-0.292903,-0.492563,-0.202699,-0.846342,0.046167,-0.063261,0.024732,0.680318,0.255692,-0.107007,0.678482,83.0,3.0,4.0,APULL,28,Idle
11.94,-1.049039,-0.322583,-0.224388,-0.494866,-0.194808,-0.846851,0.008706,-0.043763,0.053883,0.682397,0.25327,-0.111483,0.67658,83.0,3.0,4.0,APULL,28,Idle
11.95,-0.95949,-0.292532,-0.143574,-0.497154,-0.1872,-0.847228,0.0008,-0.032801,0.040251,0.684103,0.250992,-0.115711,0.674994,83.0,3.0,4.0,APULL,28,Idle
11.96,-0.93599,-0.2733,-0.126027,-0.499286,-0.179805,-0.847575,0.021656,0.020031,0.012172,0.685563,0.248762,-0.119707,0.67364,83.0,3.0,4.0,APULL,28,Idle
11.97,-0.863578,-0.307261,-0.179428,-0.501474,-0.17293,-0.847714,0.055185,0.047106,0.039227,0.687016,0.246738,-0.123545,0.67221,83.0,3.0,4.0,APULL,28,Idle
11.98,-0.853103,-0.372667,-0.234028,-0.50402,-0.166736,-0.847445,0.074668,0.045307,0.029605,0.688548,0.24508,-0.127332,0.67054,83.0,3.0,4.0,APULL,28,Idle
11.99,-0.823849,-0.444117,-0.25347,-0.507101,-0.160817,-0.84675,0.043981,0.029149,-0.008199,0.690144,0.243701,-0.131281,0.668638,83.0,3.0,4.0,APULL,28,Idle
12.0,-0.772179,-0.446185,-0.239535,-0.510501,-0.155244,-0.845747,-0.005506,-0.001525,-0.020784,0.691665,0.242569,-0.135228,0.666688,83.0,3.0,4.0,APULL,28,Idle
12.01,-0.66041,-0.436067,-0.160599,-0.513959,-0.150244,-0.844554,-0.02254,-0.018029,0.059246,0.692905,0.241719,-0.138906,0.664951,83.0,3.0,4.0,APULL,28,Idle
12.02,-0.710856,-0.435605,-0.066802,-0.517459,-0.145141,-0.843309,0.010318,-0.008377,0.082933,0.693775,0.240908,-0.142509,0.663575,83.0,3.0,4.0,APULL,28,Idle
12.03,-0.845565,-0.476444,-0.08035,-0.521205,-0.138838,-0.842063,0.057811,0.027662,0.023368,0.694605,0.23973,-0.146623,0.662235,83.0,3.0,4.0,APULL,28,Idle
12.04,-0.88273,-0.501944,-0.134767,-0.525212,-0.132144,-0.840649,0.069905,0.034717,0.000225,0.695618,0.238446,-0.151059,0.660636,83.0,3.0,4.0,APULL,28,Idle
12.05,-0.947695,-0.517952,-0.169529,-0.529332,-0.125173,-0.83913,0.025243,0.035009,-0.028149,0.696834,0.237034,-0.155723,0.658777,83.0,3.0,4.0,APULL,28,Idle
12.06,-0.878171,-0.512423,-0.142898,-0.53349,-0.118324,-0.837489,-0.025622,0.021903,-0.034169,0.698032,0.235666,-0.160365,0.656883,83.0,3.0,4.0,APULL,28,Idle
12.07,-0.854623,-0.435745,-0.107918,-0.537354,-0.111768,-0.835918,-0.055862,0.010419,-0.035588,0.699068,0.234323,-0.164723,0.655181,83.0,3.0,4.0,APULL,28,Idle
12.08,-0.750349,-0.374612,-0.091603,-0.540625,-0.105507,-0.834622,-0.066233,0.001259,-0.056125,0.700005,0.232884,-0.168684,0.653684,83.0,3.0,4.0,APULL,28,Idle
12.09,-0.664054,-0.347463,-0.075016,-0.543552,-0.10009,-0.833387,-0.056378,-0.006187,-0.078997,0.700781,0.231672,-0.172148,0.65238,83.0,3.0,4.0,APULL,28,Idle
12.1,-0.593144,-0.322363,-0.05998,-0.546264,-0.095157,-0.83219,-0.044282,0.029895,-0.073098,0.701449,0.230585,-0.175315,0.651202,83.0,3.0,4.0,APULL,28,Idle
12.11,-0.486928,-0.253435,-0.026347,-0.548652,-0.090912,-0.831093,-0.037911,0.036743,0.004585,0.701958,0.229681,-0.178045,0.650232,83.0,3.0,4.0,APULL,28,Idle
12.12,-0.356506,-0.15458,0.014457,-0.550338,-0.087427,-0.830352,-0.018433,0.016046,0.033065,0.702271,0.228864,-0.180126,0.649609,83.0,3.0,4.0,APULL,28,Idle
12.13,-0.290635,-0.078777,0.023262,-0.55135,-0.084656,-0.829967,0.020207,-0.003524,0.029278,0.70246,0.228111,-0.181609,0.649256,83.0,3.0,4.0,APULL,28,Idle
12.14,-0.228014,-0.044407,0.045694,-0.551867,-0.082292,-0.829862,0.040957,-0.028044,0.008115,0.70259,0.227351,-0.182704,0.649075,83.0,3.0,4.0,APULL,28,Idle
12.15,-0.227148,-0.081469,0.102469,-0.552432,-0.080083,-0.829702,0.034168,-0.027201,0.008672,0.702541,0.226718,-0.183706,0.649066,83.0,3.0,4.0,APULL,28,Idle
12.16,-0.364841,-0.13283,0.175983,-0.553455,-0.076807,-0.82933,0.004398,0.040399,-0.018906,0.70233,0.225886,-0.185231,0.649152,83.0,3.0,4.0,APULL,28,Idle
12.17,-0.329766,-0.130041,0.247454,-0.554765,-0.072641,-0.82883,-0.038557,0.080347,-0.031384,0.701917,0.224873,-0.187128,0.649405,83.0,3.0,4.0,APULL,28,Idle
12.18,-0.138907,-0.046567,0.272901,-0.555723,-0.069143,-0.828487,-0.071215,0.08721,-0.037358,0.701266,0.224062,-0.188554,0.649977,83.0,3.0,4.0,APULL,28,Idle
12.19,0.108004,0.046738,0.336219,-0.555913,-0.067418,-0.828502,-0.049617,0.071065,-0.014485,0.700286,0.223753,-0.188901,0.651038,83.0,3.0,4.0,APULL,28,Idle
12.2,0.171365,0.021116,0.381924,-0.555824,-0.06664,-0.828624,0.027641,0.071813,-0.02422,0.698968,0.223805,-0.188678,0.6525,83.0,3.0,4.0,APULL,28,Idle
12.21,0.125605,-0.063509,0.382834,-0.556276,-0.065763,-0.828392,0.074098,0.082593,-0.035988,0.697513,0.224052,-0.188692,0.653966,83.0,3.0,4.0,APULL,28,Idle
12.22,0.099221,-0.070412,0.352423,-0.557141,-0.064581,-0.827903,0.046353,0.072089,-0.028161,0.696108,0.22432,-0.189021,0.655274,83.0,3.0,4.0,APULL,28,Idle
12.23,0.108717,-0.009201,0.34732,-0.557716,-0.063457,-0.827603,0.003883,0.022578,0.006527,0.694812,0.224475,-0.189235,0.656535,83.0,3.0,4.0,APULL,28,Idle
12.24,0.150079,0.036832,0.364067,-0.557808,-0.062534,-0.827611,-0.010552,-0.030575,0.019979,0.693512,0.224531,-0.189156,0.657911,83.0,3.0,4.0,APULL,28,Idle
12.25,0.144068,0.059573,0.377567,-0.55767,-0.061684,-0.827768,0.014991,-0.02288,0.007761,0.692149,0.224549,-0.188928,0.659404,83.0,3.0,4.0,APULL,28,Idle
12.26,0.146467,0.069182,0.361008,-0.557369,-0.060712,-0.828042,0.037609,0.003888,0.019052,0.690831,0.224448,-0.188685,0.660888,83.0,3.0,4.0,APULL,28,Idle
12.27,0.262149,0.087573,0.302887,-0.556943,-0.060513,-0.828344,0.026028,-0.004978,-0.008937,0.689567,0.224576,-0.188132,0.662321,83.0,3.0,4.0,APULL,28,Idle
12.28,0.283578,0.122548,0.244933,-0.556235,-0.061364,-0.828756,-9e-06,0.003335,-0.014704,0.688444,0.224955,-0.187129,0.663644,83.0,3.0,4.0,APULL,28,Idle
12.29,0.227441,0.118421,0.239018,-0.555376,-0.062117,-0.829276,-0.027235,0.008101,-0.044213,0.687475,0.225194,-0.186144,0.664843,83.0,3.0,4.0,APULL,28,Idle
12.3,0.232277,0.135869,0.224894,-0.554511,-0.062726,-0.829809,-0.047646,-3.4e-05,-0.024332,0.686556,0.22536,-0.185226,0.665992,83.0,3.0,4.0,APULL,28,Idle
12.31,0.233662,0.189036,0.189882,-0.553323,-0.0635,-0.830543,-0.054206,-0.005668,-0.007302,0.68574,0.225436,-0.184139,0.667107,83.0,3.0,4.0,APULL,28,Idle
12.32,0.206168,0.209999,0.116208,-0.551755,-0.064498,-0.831509,-0.034656,0.010466,-0.024341,0.685141,0.225393,-0.182876,0.668084,83.0,3.0,4.0,APULL,28,Idle
12.33,0.184917,0.211746,0.065102,-0.550051,-0.065562,-0.832554,-0.025861,0.010676,-0.053372,0.684822,0.225245,-0.181626,0.668802,83.0,3.0,4.0,APULL,28,Idle
12.34,0.254574,0.227153,0.085249,-0.548279,-0.067023,-0.833605,-0.019485,-0.017144,-0.022657,0.684539,0.225209,-0.180217,0.669484,83.0,3.0,4.0,APULL,28,Idle
12.35,0.228997,0.236651,0.144554,-0.546425,-0.068453,-0.834706,-0.017448,0.003481,-0.010433,0.684083,0.225175,-0.178728,0.67036,83.0,3.0,4.0,APULL,28,Idle
12.36,0.255884,0.24592,0.156238,-0.544526,-0.069549,-0.835855,-0.01065,0.057357,0.002176,0.683516,0.225026,-0.177301,0.671367,83.0,3.0,4.0,APULL,28,Idle
12.37,0.328537,0.281419,0.139053,-0.542409,-0.07117,-0.837094,-0.001002,0.066501,0.023008,0.682915,0.224997,-0.175582,0.672439,83.0,3.0,4.0,APULL,28,Idle
12.38,0.431673,0.290921,0.117942,-0.540102,-0.073628,-0.838372,0.016024,0.061604,0.005822,0.682322,0.225202,-0.173487,0.673516,83.0,3.0,4.0,APULL,28,Idle
12.39,0.43778,0.291052,0.142887,-0.537731,-0.076651,-0.839625,0.026867,0.03533,0.006281,0.681637,0.225612,-0.171134,0.674673,83.0,3.0,4.0,APULL,28,Idle
12.4,0.393,0.255885,0.158927,-0.535565,-0.079326,-0.84076,0.026135,0.013134,-0.003402,0.680878,0.225982,-0.168974,0.675859,83.0,3.0,4.0,APULL,28,Idle
12.41,0.2652,0.246933,0.139238,-0.533601,-0.081336,-0.841817,0.024659,-0.00448,0.02184,0.680188,0.226158,-0.167166,0.676944,83.0,3.0,4.0,APULL,28,Idle
12.42,0.15078,0.227733,0.0997,-0.531705,-0.082382,-0.842914,0.034726,-0.03772,0.051288,0.679752,0.225937,-0.165819,0.677786,83.0,3.0,4.0,APULL,28,Idle
12.43,0.079768,0.179271,0.097117,-0.530113,-0.082929,-0.843862,0.032967,-0.079593,0.032888,0.679457,0.225609,-0.164832,0.678431,83.0,3.0,4.0,APULL,28,Idle
12.44,-0.095065,0.146498,0.146622,-0.52885,-0.082175,-0.844728,0.010341,-0.021371,0.009096,0.679185,0.224918,-0.164462,0.679023,83.0,3.0,4.0,APULL,28,Idle
12.45,-0.054595,0.184553,0.189094,-0.527645,-0.080487,-0.845644,-0.011326,0.028531,0.026064,0.678837,0.223923,-0.164429,0.679707,83.0,3.0,4.0,APULL,28,Idle
12.46,0.095344,0.23692,0.177085,-0.526007,-0.079684,-0.846739,-0.00976,0.05292,-0.008195,0.678346,0.223125,-0.163847,0.6806,83.0,3.0,4.0,APULL,28,Idle
12.47,0.187414,0.244983,0.129153,-0.524088,-0.080101,-0.847889,0.017664,0.097374,-0.037853,0.677856,0.222669,-0.162708,0.68151,83.0,3.0,4.0,APULL,28,Idle
12.48,0.182858,0.235445,0.079188,-0.522129,-0.081149,-0.848997,0.037388,0.082675,-0.024584,0.677484,0.222401,-0.161367,0.682286,83.0,3.0,4.0,APULL,28,Idle
12.49,0.166393,0.167755,0.045005,-0.520448,-0.082308,-0.849917,0.055863,-0.003584,0.033313,0.677248,0.222245,-0.160152,0.682857,83.0,3.0,4.0,APULL,28,Idle
12.5,0.071618,0.102279,0.071561,-0.519386,-0.083154,-0.850484,0.057533,-0.084769,0.101095,0.677031,0.222203,-0.159322,0.68328,83.0,3.0,4.0,APULL,28,Idle
12.51,-0.111929,0.050244,0.154799,-0.518868,-0.082324,-0.850881,0.034524,-0.058438,0.046148,0.676726,0.221773,-0.159299,0.683727,83.0,3.0,4.0,APULL,28,Idle
12.52,-0.150626,0.073941,0.198358,-0.518547,-0.08019,-0.85128,0.026146,5.1e-05,0.072212,0.676307,0.220965,-0.159794,0.684287,83.0,3.0,4.0,APULL,28,Idle
12.53,-0.063981,0.073213,0.195055,-0.518047,-0.078163,-0.851773,0.024822,0.036644,0.020856,0.675811,0.220148,-0.160151,0.684957,83.0,3.0,4.0,APULL,28,Idle
12.54,0.061057,0.052611,0.204476,-0.51768,-0.077157,-0.852089,0.050745,0.086465,0.00608,0.675176,0.219788,-0.160153,0.685699,83.0,3.0,4.0,APULL,28,Idle
12.55,0.135798,0.083402,0.231374,-0.517267,-0.07684,-0.852368,0.074533,0.114468,0.010311,0.674371,0.219702,-0.159834,0.686591,83.0,3.0,4.0,APULL,28,Idle
12.56,0.230086,0.115808,0.184661,-0.51658,-0.077305,-0.852742,0.099481,0.121601,0.017125,0.673514,0.219809,-0.1591,0.687568,83.0,3.0,4.0,APULL,28,Idle
12.57,0.310308,0.122669,0.05951,-0.515647,-0.078937,-0.853157,0.108985,0.117572,0.008095,0.672887,0.220193,-0.157913,0.688332,83.0,3.0,4.0,APULL,28,Idle
12.58,0.44643,0.139613,-0.035961,-0.514545,-0.082123,-0.853522,0.105746,0.054184,0.067282,0.672542,0.221012,-0.156182,0.688802,83.0,3.0,4.0,APULL,28,Idle
12.59,0.413627,0.144659,-0.045949,-0.513254,-0.086165,-0.8539,0.099238,-0.030473,0.054813,0.672315,0.222042,-0.154101,0.689161,83.0,3.0,4.0,APULL,28,Idle
12.6,0.189889,0.090315,-0.041999,-0.512205,-0.089012,-0.854238,0.08679,-0.054177,0.009512,0.672217,0.2227,-0.152597,0.689379,83.0,3.0,4.0,APULL,28,Idle
12.61,-0.136668,0.083873,-0.053282,-0.511485,-0.089487,-0.85462,0.050883,-0.041174,-0.001475,0.672398,0.222557,-0.152179,0.689341,83.0,3.0,4.0,APULL,28,Idle
12.62,-0.298101,0.169245,-0.116821,-0.510357,-0.08786,-0.855463,0.004894,-0.016876,-0.036597,0.67304,0.221389,-0.152497,0.68902,83.0,3.0,4.0,APULL,28,Idle
12.63,-0.227772,0.161499,-0.202629,-0.508748,-0.08636,-0.856573,-0.021739,0.013042,-0.088785,0.674027,0.220008,-0.152676,0.688457,83.0,3.0,4.0,APULL,28,Idle
12.64,-0.068364,0.156236,-0.214797,-0.507236,-0.086132,-0.857492,-0.0267,0.07095,-0.108175,0.675057,0.219119,-0.152449,0.687782,83.0,3.0,4.0,APULL,28,Idle
12.65,0.143209,0.217845,-0.186406,-0.505484,-0.087362,-0.858402,-0.040232,0.124548,-0.107464,0.675844,0.218727,-0.151518,0.68734,83.0,3.0,4.0,APULL,28,Idle
12.66,0.454678,0.306742,-0.214398,-0.503006,-0.090882,-0.859491,-0.049011,0.149216,-0.110617,0.676394,0.21895,-0.149383,0.687195,83.0,3.0,4.0,APULL,28,Idle
12.67,0.849704,0.366589,-0.268259,-0.499886,-0.097619,-0.860572,-0.028251,0.169076,-0.147072,0.676765,0.220146,-0.145772,0.687223,83.0,3.0,4.0,APULL,28,Idle
12.68,1.303428,0.392691,-0.335284,-0.496332,-0.108451,-0.861332,0.009928,0.194251,-0.142467,0.676872,0.222735,-0.140439,0.687394,83.0,3.0,4.0,APULL,28,Idle
12.69,1.598451,0.421763,-0.33576,-0.492399,-0.12269,-0.861679,0.023908,0.190698,-0.115097,0.676677,0.226489,-0.133653,0.687712,83.0,3.0,4.0,APULL,28,Idle
12.7,1.89793,0.377361,-0.368221,-0.488514,-0.139314,-0.861363,0.008274,0.187013,-0.133953,0.676141,0.231204,-0.12595,0.688124,83.0,3.0,4.0,APULL,28,Idle
12.71,2.323712,0.426097,-0.377193,-0.484557,-0.159412,-0.860112,-0.024339,0.170047,-0.113262,0.675191,0.237244,-0.116873,0.688603,83.0,3.0,4.0,APULL,28,Idle
12.72,2.712902,0.489647,-0.378343,-0.47994,-0.182809,-0.858043,-0.090815,0.146844,-0.161335,0.673728,0.244332,-0.106209,0.689284,83.0,3.0,4.0,APULL,28,Idle
12.73,3.213729,0.496618,-0.291876,-0.47504,-0.2099,-0.854563,-0.167065,0.06189,-0.226857,0.671465,0.252797,-0.093873,0.69023,83.0,3.0,4.0,APULL,28,Idle
12.74,3.253871,0.504764,-0.138961,-0.470252,-0.238928,-0.849575,-0.226541,-0.029886,-0.212178,0.668204,0.262153,-0.080551,0.691586,83.0,3.0,4.0,APULL,28,Idle
12.75,2.799413,0.437351,-0.040689,-0.466025,-0.264979,-0.84416,-0.219262,-0.083486,-0.148897,0.664618,0.27064,-0.068365,0.693082,83.0,3.0,4.0,APULL,28,Idle
12.76,2.556004,0.376139,-0.041091,-0.46254,-0.287632,-0.838645,-0.127731,-0.137493,-0.059793,0.661202,0.278113,-0.057712,0.694359,83.0,3.0,4.0,APULL,28,Idle
12.77,1.9346,0.348726,-0.087714,-0.459307,-0.307002,-0.833539,-0.005049,-0.124395,0.160031,0.658288,0.284394,-0.048486,0.695289,83.0,3.0,4.0,APULL,28,Idle
12.78,1.432484,0.350157,-0.203072,-0.455922,-0.32131,-0.829997,0.087193,-0.081446,0.335643,0.656512,0.288594,-0.041412,0.695694,83.0,3.0,4.0,APULL,28,Idle
12.79,1.158727,0.278225,-0.286246,-0.452434,-0.333256,-0.82719,0.133404,-0.144192,0.34251,0.65555,0.291801,-0.035455,0.695593,83.0,3.0,4.0,APULL,28,Idle
12.8,0.586472,0.129924,-0.266893,-0.449757,-0.341919,-0.825112,0.180165,-0.200058,0.394631,0.655257,0.294054,-0.031248,0.695122,83.0,3.0,4.0,APULL,28,Idle
12.81,-0.089141,-0.088066,-0.192667,-0.448779,-0.345024,-0.824352,0.19594,-0.263558,0.441906,0.655681,0.294833,-0.029958,0.694448,83.0,3.0,4.0,APULL,28,Idle
12.82,-0.841904,-0.364652,-0.183149,-0.450077,-0.341928,-0.824934,0.159336,-0.312445,0.464628,0.656965,0.294114,-0.032098,0.693443,83.0,3.0,4.0,APULL,28,Idle
12.83,-1.307141,-0.600074,-0.261325,-0.453353,-0.333818,-0.826461,0.119674,-0.233306,0.360213,0.659253,0.292209,-0.037193,0.691821,83.0,3.0,4.0,APULL,28,Idle
12.84,-1.448683,-0.735073,-0.280998,-0.458017,-0.323588,-0.827956,0.071359,-0.108373,0.347213,0.662109,0.290003,-0.04382,0.68963,83.0,3.0,4.0,APULL,28,Idle
12.85,-1.48122,-0.77833,-0.177266,-0.463592,-0.312456,-0.829128,0.023178,-0.015761,0.269909,0.66485,0.287796,-0.051081,0.687414,83.0,3.0,4.0,APULL,28,Idle
12.86,-1.483946,-0.790904,-0.132447,-0.469677,-0.300795,-0.830016,0.007641,0.09973,0.290144,0.667267,0.285584,-0.058599,0.685393,83.0,3.0,4.0,APULL,28,Idle
12.87,-1.362201,-0.760512,-0.160849,-0.475725,-0.289563,-0.830565,-0.000318,0.206342,0.288359,0.669558,0.283502,-0.065909,0.683355,83.0,3.0,4.0,APULL,28,Idle
12.88,-1.219128,-0.761389,-0.2222,-0.481497,-0.279842,-0.830571,0.017478,0.21957,0.206304,0.671761,0.281868,-0.072559,0.681192,83.0,3.0,4.0,APULL,28,Idle
12.89,-1.303929,-0.782748,-0.208989,-0.487313,-0.270549,-0.830258,0.04844,0.12704,0.304654,0.673996,0.280381,-0.079104,0.678866,83.0,3.0,4.0,APULL,28,Idle
12.9,-1.652267,-0.783903,-0.069869,-0.493462,-0.259135,-0.830268,0.040001,0.000483,0.210593,0.676178,0.27818,-0.086497,0.676696,83.0,3.0,4.0,APULL,28,Idle
12.91,-2.392083,-0.795189,-0.020504,-0.499956,-0.242596,-0.831379,-0.01515,-0.034412,0.168186,0.678709,0.27406,-0.095926,0.67457,83.0,3.0,4.0,APULL,28,Idle
12.92,-2.937473,-0.829005,-0.082783,-0.506591,-0.220302,-0.833566,-0.111268,-0.029545,0.021386,0.682113,0.267605,-0.107726,0.671942,83.0,3.0,4.0,APULL,28,Idle
12.93,-2.817993,-0.992631,-0.173316,-0.513864,-0.196534,-0.835056,-0.119269,-0.114532,-0.225216,0.685906,0.260693,-0.120462,0.668627,83.0,3.0,4.0,APULL,28,Idle
12.94,-2.52883,-1.159794,-0.062469,-0.52266,-0.175115,-0.834363,-0.039779,-0.29452,-0.325107,0.689067,0.255288,-0.13284,0.665108,83.0,3.0,4.0,APULL,28,Idle
12.95,-2.779281,-1.237788,0.191421,-0.532866,-0.152911,-0.832269,0.023482,-0.362409,-0.17446,0.69134,0.250207,-0.145815,0.661955,83.0,3.0,4.0,APULL,28,Idle
12.96,-3.364,-1.278312,0.367681,-0.54376,-0.125735,-0.829769,0.025724,-0.274198,-0.027653,0.693193,0.243491,-0.160711,0.659066,83.0,3.0,4.0,APULL,28,Idle
12.97,-3.472584,-1.26189,0.205907,-0.554719,-0.095289,-0.826563,-0.007659,-0.11751,-0.005834,0.695262,0.235392,-0.176943,0.655662,83.0,3.0,4.0,APULL,28,Idle
12.98,-2.932068,-1.106954,-0.062861,-0.564633,-0.068306,-0.822511,-0.063267,0.008644,-0.067015,0.69768,0.228001,-0.191729,0.651536,83.0,3.0,4.0,APULL,28,Idle
12.99,-2.450474,-0.92176,-0.177032,-0.572872,-0.04706,-0.818293,-0.06612,0.150271,-0.104864,0.700121,0.222054,-0.203828,0.647285,83.0,3.0,4.0,APULL,28,Idle
13.0,-2.040666,-0.829132,-0.162301,-0.579931,-0.029666,-0.814125,-0.040155,0.290271,-0.124092,0.702226,0.217157,-0.213963,0.643383,83.0,3.0,4.0,APULL,28,Idle
13.01,-1.512853,-0.79636,-0.194706,-0.58651,-0.016095,-0.809782,-0.035698,0.335797,-0.123812,0.703817,0.213652,-0.2224,0.639948,83.0,3.0,4.0,APULL,28,Idle
13.02,-0.913218,-0.684274,-0.254302,-0.592571,-0.00766,-0.805481,-0.040623,0.228058,-0.033065,0.704974,0.212054,-0.228675,0.636987,83.0,3.0,4.0,APULL,28,Idle
13.03,-0.478322,-0.546812,-0.209078,-0.59747,-0.003655,-0.801883,-0.044482,0.062264,-0.038907,0.705754,0.211888,-0.232727,0.634707,83.0,3.0,4.0,APULL,28,Idle
13.04,-0.527119,-0.513558,-0.114297,-0.601692,-0.00082,-0.798728,-0.006401,0.005702,-0.030862,0.706148,0.212074,-0.235925,0.633024,83.0,3.0,4.0,APULL,28,Idle
13.05,-0.696912,-0.516198,-0.086961,-0.605801,0.003595,-0.795608,0.031826,0.033865,-0.039475,0.706494,0.211608,-0.23962,0.631404,83.0,3.0,4.0,APULL,28,Idle
13.06,-0.714237,-0.524013,-0.170008,-0.609962,0.008518,-0.792385,0.020286,0.052746,-0.099308,0.706999,0.210884,-0.243589,0.62956,83.0,3.0,4.0,APULL,28,Idle
13.07,-0.609511,-0.49995,-0.274181,-0.614053,0.012432,-0.789167,-0.022055,0.062733,-0.141818,0.707784,0.210408,-0.247275,0.627396,83.0,3.0,4.0,APULL,28,Idle
13.08,-0.510433,-0.425363,-0.291275,-0.617779,0.015013,-0.786209,-0.053303,0.047899,-0.066712,0.708697,0.210269,-0.250365,0.625182,83.0,3.0,4.0,APULL,28,Idle
13.09,-0.414505,-0.316965,-0.246525,-0.620734,0.01706,-0.783835,-0.074929,0.006652,-0.046258,0.70957,0.210087,-0.252875,0.62324,83.0,3.0,4.0,APULL,28,Idle
13.1,-0.267594,-0.24123,-0.2001,-0.622958,0.018297,-0.782042,-0.065977,-0.033999,-0.073992,0.710257,0.210051,-0.254672,0.621737,83.0,3.0,4.0,APULL,28,Idle
13.11,-0.279256,-0.180445,-0.182595,-0.624645,0.019191,-0.780673,-0.016468,-0.007671,-0.036008,0.710855,0.210005,-0.25605,0.620501,83.0,3.0,4.0,APULL,28,Idle
13.12,-0.333334,-0.159469,-0.217201,-0.626009,0.020415,-0.779549,0.030687,0.048189,0.00399,0.711568,0.209669,-0.257419,0.61923,83.0,3.0,4.0,APULL,28,Idle
13.13,-0.246771,-0.136782,-0.271605,-0.627187,0.021206,-0.77858,0.066381,0.035908,0.006867,0.712454,0.209369,-0.258601,0.617818,83.0,3.0,4.0,APULL,28,Idle
13.14,-0.156163,-0.189457,-0.272538,-0.628487,0.020999,-0.777536,0.072762,0.006513,-0.04038,0.713307,0.209519,-0.259487,0.61641,83.0,3.0,4.0,APULL,28,Idle
13.15,-0.260207,-0.225083,-0.189655,-0.630186,0.021093,-0.776158,0.039884,0.019236,0.003468,0.713961,0.209758,-0.26062,0.615093,83.0,3.0,4.0,APULL,28,Idle
13.16,-0.191308,-0.205265,-0.13599,-0.631924,0.022043,-0.774717,-0.025974,0.017141,0.000959,0.714432,0.209739,-0.262014,0.613958,83.0,3.0,4.0,APULL,28,Idle
13.17,0.040337,-0.080451,-0.128911,-0.633103,0.021763,-0.773761,-0.074859,-0.031437,-0.026119,0.714712,0.210114,-0.262624,0.613244,83.0,3.0,4.0,APULL,28,Idle
13.18,0.02399,0.023133,-0.113803,-0.633295,0.020635,-0.773635,-0.062155,-0.028219,-0.025696,0.715008,0.210504,-0.262431,0.612847,83.0,3.0,4.0,APULL,28,Idle
13.19,-0.030904,-0.029526,-0.115077,-0.633303,0.019962,-0.773646,-0.007551,0.011959,-0.043614,0.715357,0.21063,-0.26232,0.612444,83.0,3.0,4.0,APULL,28,Idle
13.2,-0.167716,-0.075584,-0.118314,-0.633762,0.020011,-0.773269,0.033192,0.032037,-0.000458,0.715751,0.210589,-0.262712,0.611829,83.0,3.0,4.0,APULL,28,Idle
13.21,-0.147476,-0.104973,-0.140085,-0.634515,0.020442,-0.77264,0.043481,0.042592,0.013562,0.716193,0.210467,-0.263407,0.611055,83.0,3.0,4.0,APULL,28,Idle
13.22,-0.180561,-0.085531,-0.107967,-0.635293,0.020947,-0.771987,0.057046,0.009998,0.108168,0.716626,0.210326,-0.264139,0.610279,83.0,3.0,4.0,APULL,28,Idle
13.23,-0.065547,-0.12551,-0.087592,-0.636124,0.021272,-0.771294,0.040543,-0.013368,0.035149,0.716922,0.210332,-0.264789,0.609647,83.0,3.0,4.0,APULL,28,Idle
13.24,-0.096921,-0.146843,-0.035363,-0.637216,0.021463,-0.770386,0.022043,-0.009317,0.027146,0.717002,0.210571,-0.265456,0.609181,83.0,3.0,4.0,APULL,28,Idle
13.25,-0.06407,-0.151386,-0.013213,-0.638361,0.022015,-0.769422,-0.007162,0.019214,-0.01404,0.716962,0.210731,-0.266236,0.608833,83.0,3.0,4.0,APULL,28,Idle
13.26,-0.004994,-0.145682,-0.009147,-0.63988,0.021562,-0.768172,-0.011991,0.031524,-0.014314,0.716833,0.211457,-0.266833,0.608471,83.0,3.0,4.0,APULL,28,Idle
13.27,0.006037,-0.131592,-0.003789,-0.640477,0.021707,-0.76767,-0.006709,0.044943,-0.011428,0.716714,0.211641,-0.267157,0.608405,83.0,3.0,4.0,APULL,28,Idle
13.28,0.065686,-0.109008,0.008225,-0.640812,0.022128,-0.767379,0.013554,0.03111,0.023055,0.71653,0.211658,-0.267417,0.608502,83.0,3.0,4.0,APULL,28,Idle
13.29,0.079251,-0.095162,0.009391,-0.640947,0.022589,-0.767253,0.027406,0.023096,0.010524,0.716265,0.21163,-0.267556,0.608762,83.0,3.0,4.0,APULL,28,Idle
13.3,-0.034924,-0.130849,-0.01442,-0.642242,0.022809,-0.766163,0.030212,0.055331,0.003529,0.715968,0.212086,-0.268213,0.608664,83.0,3.0,4.0,APULL,28,Idle
13.31,0.010769,-0.128925,-0.056733,-0.64287,0.022306,-0.76565,0.016482,0.037463,0.020945,0.716047,0.212457,-0.268397,0.60836,83.0,3.0,4.0,APULL,28,Idle
13.32,0.118657,-0.101901,-0.103389,-0.643604,0.020978,-0.765071,-0.008908,-0.00575,-0.032536,0.716118,0.2132,-0.268347,0.608038,83.0,3.0,4.0,APULL,28,Idle
13.33,0.153521,-0.059535,-0.093147,-0.643998,0.019896,-0.764769,-0.029052,-0.019591,-0.018236,0.716143,0.213755,-0.268188,0.607885,83.0,3.0,4.0,APULL,28,Idle
13.34,0.093035,-0.023415,-0.059026,-0.644158,0.019486,-0.764645,-0.028938,-0.027573,-0.022236,0.716073,0.214004,-0.268105,0.607917,83.0,3.0,4.0,APULL,28,Idle
13.35,0.116673,-0.024594,-0.091382,-0.644167,0.01983,-0.764627,-0.012983,0.007407,-0.042913,0.716016,0.213892,-0.26821,0.607976,83.0,3.0,4.0,APULL,28,Idle
13.36,0.288711,-0.01676,-0.129771,-0.644326,0.018544,-0.764526,-0.003257,0.044292,-0.043747,0.715998,0.214474,-0.267839,0.607956,83.0,3.0,4.0,APULL,28,Idle
13.37,0.471728,-0.022166,-0.133006,-0.644097,0.015636,-0.764784,0.013176,0.065938,-0.011018,0.715949,0.215603,-0.266689,0.608119,83.0,3.0,4.0,APULL,28,Idle
13.38,0.670397,-0.053689,-0.087588,-0.643577,0.013367,-0.765265,0.024558,0.018447,-0.005426,0.715434,0.216582,-0.265442,0.608923,83.0,3.0,4.0,APULL,28,Idle
13.39,0.712491,-0.096787,-0.069513,-0.644127,0.009316,-0.764862,0.009041,-0.025521,-0.034515,0.714592,0.218768,-0.264025,0.609746,83.0,3.0,4.0,APULL,28,Idle
13.4,0.560612,-0.138099,-0.070761,-0.644665,0.004121,-0.764454,0.002804,-0.009004,0.040639,0.713969,0.221316,-0.262283,0.610307,83.0,3.0,4.0,APULL,28,Idle
13.41,0.156732,-0.164548,-0.084904,-0.645841,0.000838,-0.763472,0.00726,0.006838,0.110548,0.713595,0.223188,-0.261632,0.610342,83.0,3.0,4.0,APULL,28,Idle
13.42,-0.028256,-0.225379,-0.172561,-0.647362,-0.000294,-0.762183,0.020638,-0.031963,0.096442,0.713671,0.22411,-0.262075,0.609725,83.0,3.0,4.0,APULL,28,Idle
13.43,-0.026747,-0.239528,-0.212092,-0.649166,-0.001367,-0.760646,0.0321,-0.102973,0.066035,0.714002,0.22499,-0.262787,0.608707,83.0,3.0,4.0,APULL,28,Idle
13.44,-0.0257,-0.263929,-0.161873,-0.651072,-0.002483,-0.759012,0.032603,-0.108388,0.014856,0.714275,0.225945,-0.263521,0.607715,83.0,3.0,4.0,APULL,28,Idle
13.45,-0.191238,-0.309955,-0.107417,-0.653235,-0.002554,-0.757151,0.04389,-0.036356,0.013011,0.714415,0.226615,-0.264707,0.606784,83.0,3.0,4.0,APULL,28,Idle
13.46,-0.204894,-0.345528,-0.141795,-0.65577,-0.001733,-0.754959,0.026986,0.035912,-0.001847,0.714584,0.227029,-0.266418,0.605681,83.0,3.0,4.0,APULL,28,Idle
13.47,-0.039982,-0.278196,-0.195646,-0.658181,-0.001941,-0.752857,-0.011405,0.045795,-0.013149,0.71482,0.227788,-0.267738,0.604534,83.0,3.0,4.0,APULL,28,Idle
13.48,0.091028,-0.237251,-0.200554,-0.660079,-0.003522,-0.751188,-0.025254,0.018872,-0.027407,0.715065,0.228936,-0.268317,0.603553,83.0,3.0,4.0,APULL,28,Idle
13.49,0.082222,-0.26449,-0.168942,-0.661977,-0.005501,-0.749504,-0.007381,-0.004722,-0.0261,0.715168,0.23031,-0.26871,0.602732,83.0,3.0,4.0,APULL,28,Idle
13.5,-0.069461,-0.276027,-0.149582,-0.664011,-0.006647,-0.747693,0.014078,-0.011907,0.002439,0.715273,0.231387,-0.269469,0.601857,83.0,3.0,4.0,APULL,28,Idle
13.51,-0.147192,-0.294503,-0.162302,-0.66616,-0.006857,-0.745777,0.01052,-0.037851,0.004444,0.715487,0.232068,-0.270658,0.600805,83.0,3.0,4.0,APULL,28,Idle
13.52,-0.185054,-0.26768,-0.159186,-0.668284,-0.006722,-0.743876,-0.007604,-0.050255,-0.006872,0.715773,0.232564,-0.271985,0.599673,83.0,3.0,4.0,APULL,28,Idle
13.53,-0.226449,-0.21257,-0.141767,-0.670081,-0.006152,-0.742262,-0.027581,-0.010434,0.003203,0.71614,0.232738,-0.273317,0.59856,83.0,3.0,4.0,APULL,28,Idle
13.54,-0.091737,-0.162294,-0.145621,-0.671465,-0.005924,-0.741013,-0.030455,0.008624,-0.017425,0.716495,0.232922,-0.274301,0.597614,83.0,3.0,4.0,APULL,28,Idle
13.55,0.000527,-0.127483,-0.188508,-0.672518,-0.006753,-0.74005,-0.020979,0.028512,-0.04149,0.716846,0.233437,-0.27474,0.596789,83.0,3.0,4.0,APULL,28,Idle
13.56,0.144823,-0.144894,-0.217829,-0.673529,-0.008683,-0.73911,-0.012781,0.029587,-0.029094,0.717199,0.23439,-0.274784,0.59597,83.0,3.0,4.0,APULL,28,Idle
13.57,0.217172,-0.13913,-0.197971,-0.674565,-0.011543,-0.738126,-0.013164,-0.0196,-0.012408,0.717399,0.235806,-0.274468,0.595317,83.0,3.0,4.0,APULL,28,Idle
13.58,0.105656,-0.151296,-0.188801,-0.675623,-0.014121,-0.737112,0.004877,-0.027917,0.001227,0.717569,0.237127,-0.274253,0.594686,83.0,3.0,4.0,APULL,28,Idle
13.59,0.018486,-0.187886,-0.181481,-0.676857,-0.015809,-0.735944,0.01693,-0.028838,0.02638,0.717825,0.238097,-0.274477,0.593885,83.0,3.0,4.0,APULL,28,Idle
13.6,-0.024053,-0.21412,-0.182239,-0.678336,-0.017085,-0.734553,0.016699,-0.037725,0.010005,0.718071,0.238979,-0.274977,0.593001,83.0,3.0,4.0,APULL,28,Idle
13.61,-0.084364,-0.195382,-0.20338,-0.679843,-0.017968,-0.733137,0.01192,-0.018607,0.026594,0.718431,0.239655,-0.275676,0.591968,83.0,3.0,4.0,APULL,28,Idle
13.62,-0.071911,-0.181228,-0.216492,-0.681164,-0.018893,-0.731887,0.02409,-0.019132,0.044632,0.718894,0.240238,-0.2763,0.590876,83.0,3.0,4.0,APULL,28,Idle
13.63,-0.03587,-0.196792,-0.202406,-0.682521,-0.01995,-0.730594,0.028392,-0.029366,0.003284,0.719326,0.240902,-0.276892,0.589803,83.0,3.0,4.0,APULL,28,Idle
13.64,-0.059473,-0.208287,-0.184339,-0.683986,-0.021043,-0.729191,0.019314,-0.020507,0.029026,0.719674,0.241653,-0.277504,0.588783,83.0,3.0,4.0,APULL,28,Idle
13.65,-0.091404,-0.174077,-0.164396,-0.685362,-0.021658,-0.727881,-0.007525,-0.006052,0.035803,0.720016,0.242178,-0.278225,0.587807,83.0,3.0,4.0,APULL,28,Idle
13.66,-0.02836,-0.13288,-0.147274,-0.686462,-0.02231,-0.726824,-0.01352,9.4e-05,0.032961,0.720338,0.242641,-0.278771,0.586963,83.0,3.0,4.0,APULL,28,Idle
13.67,-0.026614,-0.110738,-0.104801,-0.687286,-0.023028,-0.726022,0.001769,0.001192,0.031473,0.720585,0.24308,-0.279108,0.586318,83.0,3.0,4.0,APULL,28,Idle
13.68,-0.008905,-0.108791,-0.082418,-0.688095,-0.023577,-0.725237,0.014588,-0.007291,-0.001646,0.720721,0.243497,-0.279447,0.585815,83.0,3.0,4.0,APULL,28,Idle
13.69,-0.008905,-0.108791,-0.082418,-0.688095,-0.023577,-0.725237,0.014588,-0.007291,-0.001646,0.720721,0.243497,-0.279447,0.585815,83.0,3.0,4.0,APULL,28,Idle
13.7,-0.106635,-0.091094,-0.077293,-0.688718,-0.024332,-0.724621,0.027264,-0.009283,-0.005954,0.720955,0.243894,-0.279652,0.585265,83.0,3.0,4.0,APULL,28,Idle
13.71,-0.14223,-0.109648,-0.080522,-0.689495,-0.02458,-0.723874,0.024349,0.006208,-0.013858,0.721272,0.244087,-0.280151,0.584554,83.0,3.0,4.0,APULL,28,Idle
13.72,-0.113151,-0.090212,-0.069756,-0.688938,-0.025691,-0.724365,-0.014248,0.00851,-0.022766,0.721921,0.244067,-0.27973,0.583963,83.0,3.0,4.0,APULL,28,Idle
13.73,-0.07721,-0.042152,-0.062423,-0.689289,-0.026443,-0.724004,-0.035061,0.027068,-0.023478,0.722282,0.244317,-0.279834,0.583361,83.0,3.0,4.0,APULL,28,Idle
13.74,0.02538,-0.021823,-0.035606,-0.69055,-0.026673,-0.722793,-0.025118,0.017961,-0.00145,0.722216,0.244836,-0.280462,0.582924,83.0,3.0,4.0,APULL,28,Idle
13.75,0.152122,0.00833,-0.002741,-0.691696,-0.027167,-0.721677,-0.008407,0.015189,-0.017352,0.721891,0.245555,-0.280828,0.582849,83.0,3.0,4.0,APULL,28,Idle
13.76,0.201071,0.029591,0.019891,-0.692151,-0.028155,-0.721204,0.00517,0.020281,0.004971,0.721519,0.246288,-0.280607,0.583106,83.0,3.0,4.0,APULL,28,Idle
13.77,0.168855,0.044573,0.016603,-0.691179,-0.029494,-0.722081,-0.001814,0.020445,-0.004176,0.721447,0.24658,-0.279567,0.583571,83.0,3.0,4.0,APULL,28,Idle
13.78,0.127199,0.062585,0.015334,-0.689678,-0.030688,-0.723466,-0.000508,0.007327,0.020966,0.721551,0.246561,-0.278343,0.584035,83.0,3.0,4.0,APULL,28,Idle
13.79,0.09261,0.046848,0.053292,-0.688206,-0.030625,-0.724869,0.005955,-0.025313,0.029419,0.721555,0.246073,-0.277513,0.584631,83.0,3.0,4.0,APULL,28,Idle
13.8,0.038385,0.041261,0.07451,-0.687791,-0.030004,-0.725289,0.025025,-0.026011,0.022759,0.721289,0.24581,-0.277368,0.585138,83.0,3.0,4.0,APULL,28,Idle
13.81,-0.022613,0.031931,0.081086,-0.68799,-0.027937,-0.725182,0.044527,0.005293,0.034157,0.720855,0.245217,-0.277988,0.585627,83.0,3.0,4.0,APULL,28,Idle
13.82,0.054949,0.015654,0.066026,-0.688533,-0.026685,-0.724714,0.034694,0.006666,0.007764,0.720424,0.24507,-0.278538,0.585958,83.0,3.0,4.0,APULL,28,Idle
13.83,0.135833,0.032511,0.070349,-0.688385,-0.026295,-0.724869,0.000855,-0.013423,0.011078,0.720067,0.245031,-0.278434,0.586463,83.0,3.0,4.0,APULL,28,Idle
13.84,0.157535,0.069661,0.10334,-0.688192,-0.02612,-0.725058,-0.020487,-0.025729,0.013327,0.719582,0.245127,-0.278179,0.587138,83.0,3.0,4.0,APULL,28,Idle
13.85,0.118469,0.048681,0.100485,-0.687873,-0.025757,-0.725374,-0.017266,-0.022201,-0.009016,0.719112,0.245099,-0.27792,0.587848,83.0,3.0,4.0,APULL,28,Idle
13.86,0.120364,0.048078,0.084935,-0.68807,-0.025905,-0.725182,-0.007761,-0.024785,-0.007042,0.718644,0.245443,-0.277789,0.588338,83.0,3.0,4.0,APULL,28,Idle
13.87,0.094809,0.062228,0.091342,-0.688201,-0.027309,-0.725006,-0.004365,-0.025395,-0.006135,0.718358,0.246203,-0.277274,0.588613,83.0,3.0,4.0,APULL,28,Idle
13.88,0.009623,0.071736,0.074956,-0.687629,-0.028328,-0.72551,0.006247,-0.012596,0.015442,0.718285,0.24648,-0.276573,0.588916,83.0,3.0,4.0,APULL,28,Idle
13.89,-0.003479,0.082017,0.048696,-0.686876,-0.027627,-0.72625,0.00284,-0.004019,0.012367,0.718241,0.245971,-0.276357,0.589283,83.0,3.0,4.0,APULL,28,Idle
13.9,0.080948,0.106584,0.056011,-0.685708,-0.027311,-0.727365,-0.010795,-0.021548,0.020227,0.718251,0.245465,-0.275798,0.589744,83.0,3.0,4.0,APULL,28,Idle
13.91,0.10488,0.127975,0.072935,-0.685165,-0.028033,-0.727848,-0.018555,-0.019071,-0.01675,0.718092,0.245667,-0.275179,0.590142,83.0,3.0,4.0,APULL,28,Idle
13.92,0.114094,0.12587,0.070105,-0.685048,-0.029185,-0.727913,-0.003871,-0.012869,-0.006447,0.717852,0.246219,-0.274627,0.590462,83.0,3.0,4.0,APULL,28,Idle
13.93,0.133789,0.147967,0.058165,-0.68433,-0.030274,-0.728543,0.001591,-0.036636,0.017713,0.71773,0.246499,-0.2738,0.590877,83.0,3.0,4.0,APULL,28,Idle
13.94,0.162068,0.171021,0.054795,-0.683318,-0.031642,-0.729434,0.007461,-0.070775,0.007068,0.717642,0.246783,-0.272729,0.59136,83.0,3.0,4.0,APULL,28,Idle
13.95,0.094897,0.178021,0.05185,-0.682189,-0.032906,-0.730435,0.019683,-0.058876,0.013456,0.717592,0.246968,-0.271642,0.591844,83.0,3.0,4.0,APULL,28,Idle
13.96,-0.001487,0.179222,0.04913,-0.681236,-0.033148,-0.731313,0.006706,-0.007822,0.017171,0.717596,0.246761,-0.271021,0.592209,83.0,3.0,4.0,APULL,28,Idle
13.97,0.036712,0.195127,0.044167,-0.680186,-0.032853,-0.732303,-0.028249,0.01738,-0.004682,0.717643,0.246282,-0.270543,0.592571,83.0,3.0,4.0,APULL,28,Idle
13.98,0.189603,0.233297,0.020951,-0.67928,-0.033917,-0.733095,-0.04211,0.015484,-0.057493,0.71762,0.246442,-0.269665,0.592933,83.0,3.0,4.0,APULL,28,Idle
13.99,0.299159,0.294674,0.003852,-0.677555,-0.035968,-0.734592,0.010212,0.004519,-0.004513,0.717622,0.246733,-0.268005,0.593561,83.0,3.0,4.0,APULL,28,Idle
14.0,0.310627,0.315519,0.004434,-0.675423,-0.038325,-0.736434,0.060631,-0.031102,0.071609,0.717607,0.247025,-0.26601,0.594355,83.0,3.0,4.0,APULL,28,Idle
14.01,0.267309,0.309226,-0.00773,-0.673435,-0.040969,-0.73811,0.036335,-0.070954,0.025998,0.717659,0.247449,-0.264034,0.594996,83.0,3.0,4.0,APULL,28,Idle
14.02,0.181543,0.358157,0.006514,-0.671091,-0.04335,-0.740107,-0.020346,-0.099075,0.01211,0.717873,0.247574,-0.262018,0.595576,83.0,3.0,4.0,APULL,28,Idle
14.03,0.206805,0.45638,0.056208,-0.668135,-0.044883,-0.742685,-0.058245,-0.09414,-0.036657,0.718113,0.247139,-0.259961,0.596369,83.0,3.0,4.0,APULL,28,Idle
14.04,0.405155,0.532955,0.04473,-0.664444,-0.046746,-0.745875,-0.05423,-0.065391,-0.035573,0.718228,0.246652,-0.257343,0.597567,83.0,3.0,4.0,APULL,28,Idle
14.05,0.723754,0.671972,0.020053,-0.660043,-0.050686,-0.749516,-0.045081,-0.041965,-0.041957,0.718216,0.246832,-0.253606,0.599102,83.0,3.0,4.0,APULL,28,Idle
14.06,1.243209,0.821432,0.063341,-0.654312,-0.057856,-0.754008,-0.07753,-0.059377,-0.117452,0.717831,0.248036,-0.24794,0.601434,83.0,3.0,4.0,APULL,28,Idle
14.07,1.530446,0.780161,0.06227,-0.648253,-0.068053,-0.758377,-0.118257,-0.037615,-0.136321,0.716872,0.250561,-0.240895,0.604387,83.0,3.0,4.0,APULL,28,Idle
14.08,1.806974,0.759939,0.083125,-0.642488,-0.080307,-0.762076,-0.131972,0.003418,-0.160531,0.715466,0.254141,-0.233183,0.607574,83.0,3.0,4.0,APULL,28,Idle
14.09,2.058576,0.765539,0.125889,-0.636767,-0.094455,-0.765249,-0.158338,-0.025875,-0.190866,0.713519,0.258639,-0.224681,0.611159,83.0,3.0,4.0,APULL,28,Idle
14.1,2.199752,0.824617,0.134088,-0.630804,-0.109971,-0.76811,-0.190241,-0.064742,-0.137942,0.711206,0.263651,-0.215483,0.615013,83.0,3.0,4.0,APULL,28,Idle
14.11,2.296729,0.870251,0.149319,-0.62444,-0.12651,-0.77076,-0.207409,-0.092316,-0.115227,0.70866,0.268919,-0.205676,0.619016,83.0,3.0,4.0,APULL,28,Idle
14.12,2.242511,0.827042,0.209331,-0.618081,-0.142989,-0.773001,-0.170493,-0.055665,-0.086023,0.705876,0.274141,-0.195823,0.623089,83.0,3.0,4.0,APULL,28,Idle
14.13,2.11703,0.801184,0.206714,-0.61213,-0.158633,-0.774682,-0.106971,0.056368,-0.059897,0.702943,0.279124,-0.186411,0.627066,83.0,3.0,4.0,APULL,28,Idle
14.14,2.013885,0.713499,0.099538,-0.606453,-0.173623,-0.775932,-0.076225,0.151513,-0.071587,0.700262,0.283785,-0.177483,0.630555,83.0,3.0,4.0,APULL,28,Idle
14.15,2.047174,0.637265,0.005381,-0.601374,-0.189158,-0.776253,-0.055074,0.109385,-0.011742,0.697749,0.288772,-0.168773,0.633461,83.0,3.0,4.0,APULL,28,Idle
14.16,1.800058,0.639093,-0.049825,-0.596352,-0.204423,-0.776258,-0.064613,0.070497,0.054456,0.695529,0.293539,-0.16033,0.635899,83.0,3.0,4.0,APULL,28,Idle
14.17,1.523536,0.60625,-0.00011,-0.591421,-0.217463,-0.776486,-0.070993,0.019068,0.060056,0.693671,0.297319,-0.152834,0.638015,83.0,3.0,4.0,APULL,28,Idle
14.18,1.27808,0.590219,0.020674,-0.58682,-0.228379,-0.776843,-0.022677,-0.033202,0.145877,0.691946,0.300311,-0.146259,0.640025,83.0,3.0,4.0,APULL,28,Idle
14.19,0.660173,0.635723,-0.045138,-0.582043,-0.236059,-0.77814,0.047894,0.123189,0.209399,0.690933,0.30175,-0.140985,0.641624,83.0,3.0,4.0,APULL,28,Idle
14.2,0.262769,0.66552,-0.134767,-0.576719,-0.239914,-0.780921,0.138349,0.333588,0.209357,0.691045,0.301183,-0.137217,0.642586,83.0,3.0,4.0,APULL,28,Idle
14.21,0.407314,0.591197,-0.159341,-0.571379,-0.243177,-0.783831,0.248777,0.353971,0.152758,0.691504,0.300299,-0.133809,0.643225,83.0,3.0,4.0,APULL,28,Idle
14.22,0.729066,0.440561,-0.128674,-0.566969,-0.248537,-0.785351,0.324171,0.259432,0.128811,0.691452,0.300729,-0.12995,0.643871,83.0,3.0,4.0,APULL,28,Idle
14.23,0.758333,0.33127,-0.105317,-0.563692,-0.255219,-0.785567,0.313753,0.128571,0.166609,0.690921,0.302229,-0.125995,0.644524,83.0,3.0,4.0,APULL,28,Idle
14.24,0.492898,0.30495,-0.085584,-0.560954,-0.260786,-0.785698,0.265025,-0.017611,0.223092,0.690445,0.303479,-0.122685,0.645086,83.0,3.0,4.0,APULL,28,Idle
14.25,0.054037,0.248143,-0.085963,-0.558556,-0.263467,-0.786512,0.22184,-0.124213,0.244077,0.690463,0.303606,-0.120696,0.645381,83.0,3.0,4.0,APULL,28,Idle
14.26,-0.45395,0.233479,-0.03734,-0.556503,-0.262235,-0.788376,0.177383,-0.197375,0.22815,0.691125,0.302174,-0.120427,0.645395,83.0,3.0,4.0,APULL,28,Idle
14.27,-0.709029,0.125154,0.002003,-0.554975,-0.257549,-0.790994,0.125623,-0.223805,0.060144,0.692188,0.299488,-0.121697,0.64527,83.0,3.0,4.0,APULL,28,Idle
14.28,-0.781898,-0.05532,-0.021592,-0.554694,-0.251661,-0.793083,0.10549,-0.102846,0.016777,0.693357,0.296791,-0.12399,0.644824,83.0,3.0,4.0,APULL,28,Idle
14.29,-0.81649,-0.066659,0.011034,-0.555255,-0.245298,-0.794683,0.065845,0.095625,0.056935,0.694544,0.294229,-0.126839,0.644166,83.0,3.0,4.0,APULL,28,Idle
14.3,-0.606055,0.06971,0.095736,-0.555338,-0.239206,-0.79648,-0.018667,0.181879,0.056597,0.695433,0.291646,-0.129238,0.643905,83.0,3.0,4.0,APULL,28,Idle
14.31,-0.24392,0.125199,0.178561,-0.55478,-0.235173,-0.798068,-0.060561,0.157872,0.022982,0.69567,0.289771,-0.130379,0.644265,83.0,3.0,4.0,APULL,28,Idle
14.32,-0.220738,-0.004948,0.284549,-0.554713,-0.232125,-0.799007,-0.042333,0.11033,-0.011754,0.695303,0.288604,-0.131165,0.645025,83.0,3.0,4.0,APULL,28,Idle
14.33,-0.172034,0.004113,0.389586,-0.555723,-0.228779,-0.79927,0.00366,0.053058,0.032149,0.694466,0.287834,-0.13235,0.646028,83.0,3.0,4.0,APULL,28,Idle
14.34,-0.431268,0.024929,0.568558,-0.556599,-0.22387,-0.80005,-0.008678,-0.039939,-0.193618,0.693308,0.286464,-0.133842,0.647572,83.0,3.0,4.0,APULL,28,Idle
14.35,-1.019397,-0.289822,0.512005,-0.558811,-0.215045,-0.800928,0.064045,0.084979,-0.336539,0.692441,0.284011,-0.137382,0.648837,83.0,3.0,4.0,APULL,28,Idle
14.36,-1.192245,-0.445416,0.364411,-0.562824,-0.203331,-0.801177,0.022953,0.09591,-0.20189,0.692407,0.280952,-0.143099,0.64897,83.0,3.0,4.0,APULL,28,Idle
14.37,-1.048513,-0.199944,0.356138,-0.566263,-0.192532,-0.801422,-0.129385,-0.043995,-0.114181,0.692554,0.277997,-0.148345,0.648907,83.0,3.0,4.0,APULL,28,Idle
14.38,-1.175283,0.010731,0.490834,-0.567714,-0.181212,-0.803033,-0.177647,-0.069764,-0.11283,0.692673,0.274091,-0.152832,0.649401,83.0,3.0,4.0,APULL,28,Idle
14.39,-1.210813,0.006019,0.419172,-0.568526,-0.168722,-0.805177,-0.082597,-0.032237,-0.070479,0.692762,0.269503,-0.157415,0.650131,83.0,3.0,4.0,APULL,28,Idle
14.4,-0.872281,0.131139,0.207235,-0.568452,-0.15835,-0.807333,0.024339,-0.008581,0.025504,0.69323,0.265324,-0.161048,0.65046,83.0,3.0,4.0,APULL,28,Idle
14.41,-0.497812,0.276748,0.177706,-0.567081,-0.151945,-0.809525,0.090488,-0.026384,0.052323,0.693703,0.262202,-0.16275,0.650799,83.0,3.0,4.0,APULL,28,Idle
14.42,-0.431135,0.250088,0.311813,-0.565193,-0.146882,-0.811777,0.111381,-0.009124,-0.009939,0.693719,0.259524,-0.16358,0.651646,83.0,3.0,4.0,APULL,28,Idle
14.43,-0.420471,0.147722,0.310023,-0.564082,-0.141621,-0.813483,0.087107,0.017918,-0.108559,0.693377,0.257158,-0.164705,0.652664,83.0,3.0,4.0,APULL,28,Idle
14.44,-0.57882,0.170783,0.254706,-0.563252,-0.136032,-0.81501,0.05222,0.039673,-0.088111,0.693207,0.254733,-0.166149,0.653429,83.0,3.0,4.0,APULL,28,Idle
14.45,-0.826368,0.343083,0.232987,-0.561509,-0.129,-0.817353,0.044572,-0.036818,0.143449,0.693508,0.251295,-0.167851,0.654006,83.0,3.0,4.0,APULL,28,Idle
14.46,-1.244565,0.377182,0.222864,-0.558675,-0.119368,-0.820752,0.063619,-0.122377,0.151059,0.694338,0.246322,-0.170145,0.654424,83.0,3.0,4.0,APULL,28,Idle
14.47,-1.478999,0.160404,0.164142,-0.556648,-0.10669,-0.823869,0.112968,-0.140563,0.088014,0.695644,0.240364,-0.174042,0.654228,83.0,3.0,4.0,APULL,28,Idle
14.48,-1.075666,0.042942,0.185349,-0.556021,-0.095053,-0.825715,0.114935,-0.107584,0.052614,0.6967,0.23539,-0.17814,0.65381,83.0,3.0,4.0,APULL,28,Idle
14.49,-0.674883,0.121297,0.181175,-0.555563,-0.086742,-0.826937,0.080084,0.168117,0.087145,0.697177,0.231909,-0.180968,0.653768,83.0,3.0,4.0,APULL,28,Idle
14.5,-0.034902,0.17856,0.059706,-0.554389,-0.082917,-0.828117,0.016639,0.416199,0.048042,0.697349,0.22997,-0.181811,0.654036,83.0,3.0,4.0,APULL,28,Idle
14.51,0.4475,0.212401,0.028522,-0.552784,-0.084667,-0.829012,-0.02322,0.42474,-0.006437,0.697129,0.230115,-0.180391,0.654612,83.0,3.0,4.0,APULL,28,Idle
14.52,0.676892,0.221477,0.009464,-0.550957,-0.089293,-0.829743,-0.056511,0.257414,-0.065215,0.696612,0.231356,-0.177772,0.655442,83.0,3.0,4.0,APULL,28,Idle
14.53,0.518813,0.222812,0.001323,-0.549141,-0.094529,-0.830367,-0.027535,0.005341,-0.066133,0.696039,0.232844,-0.17493,0.656287,83.0,3.0,4.0,APULL,28,Idle
14.54,0.063024,0.227487,-0.008136,-0.547171,-0.097027,-0.831378,-0.014688,-0.113437,-0.114316,0.695903,0.23311,-0.17312,0.656816,83.0,3.0,4.0,APULL,28,Idle
14.55,-0.298355,0.125228,-0.003809,-0.545643,-0.096019,-0.832498,-0.058101,-0.165852,-0.248083,0.696273,0.232067,-0.172904,0.656851,83.0,3.0,4.0,APULL,28,Idle
14.56,-0.369072,0.058292,0.192797,-0.545065,-0.092614,-0.833263,-0.155634,-0.284873,-0.211445,0.696479,0.230501,-0.17389,0.656924,83.0,3.0,4.0,APULL,28,Idle
14.57,-0.385771,0.108315,0.352902,-0.544659,-0.087911,-0.834037,-0.257312,-0.267908,-0.067422,0.696035,0.228679,-0.175178,0.657688,83.0,3.0,4.0,APULL,28,Idle
14.58,-0.04253,0.210646,0.307625,-0.543567,-0.083997,-0.835152,-0.286633,-0.002215,-0.035621,0.695378,0.226965,-0.175815,0.658807,83.0,3.0,4.0,APULL,28,Idle
14.59,0.465908,0.295984,0.288272,-0.541694,-0.084276,-0.83634,-0.17025,0.184374,-0.042337,0.694357,0.226655,-0.174521,0.660332,83.0,3.0,4.0,APULL,28,Idle
14.6,0.899153,0.359981,0.270923,-0.539164,-0.088465,-0.837542,-0.038107,0.260096,-0.062742,0.692946,0.22768,-0.171438,0.662266,83.0,3.0,4.0,APULL,28,Idle
14.61,1.08256,0.325864,0.264823,-0.536536,-0.095642,-0.83844,0.036857,0.144592,-0.116547,0.691169,0.229875,-0.167146,0.664458,83.0,3.0,4.0,APULL,28,Idle
14.62,0.920013,0.295131,0.231731,-0.534204,-0.102733,-0.83909,0.042291,0.022029,-0.069998,0.68943,0.232114,-0.163028,0.666507,83.0,3.0,4.0,APULL,28,Idle
14.63,0.743279,0.249396,0.202806,-0.532098,-0.108528,-0.839698,-0.020087,-0.039513,-0.096352,0.687956,0.233864,-0.159557,0.668255,83.0,3.0,4.0,APULL,28,Idle
14.64,0.728461,0.165953,0.200003,-0.530521,-0.113507,-0.840038,-0.08627,-0.040332,-0.091206,0.686625,0.235459,-0.156653,0.66975,83.0,3.0,4.0,APULL,28,Idle
14.65,0.858777,0.178502,0.254055,-0.529449,-0.119015,-0.839952,-0.132218,-0.049808,-0.001387,0.685038,0.23749,-0.153696,0.671341,83.0,3.0,4.0,APULL,28,Idle
14.66,0.840315,0.194654,0.253614,-0.528194,-0.124868,-0.839892,-0.130253,0.003653,0.044253,0.68325,0.239614,-0.150462,0.673139,83.0,3.0,4.0,APULL,28,Idle
14.67,0.856299,0.198267,0.097167,-0.526797,-0.130904,-0.839851,-0.040525,0.145934,0.059394,0.68179,0.241665,-0.147216,0.674603,83.0,3.0,4.0,APULL,28,Idle
14.68,1.274913,0.170625,0.030212,-0.525227,-0.139458,-0.839457,0.07555,0.190911,0.04397,0.680478,0.244548,-0.143065,0.675779,83.0,3.0,4.0,APULL,28,Idle
14.69,1.525616,0.097793,0.041277,-0.524194,-0.151286,-0.838053,0.165216,0.132594,0.088648,0.678687,0.248952,-0.137828,0.67706,83.0,3.0,4.0,APULL,28,Idle
14.7,1.503579,0.078038,0.006125,-0.523561,-0.163824,-0.836089,0.155657,0.04859,0.146728,0.676732,0.253796,-0.13245,0.678291,83.0,3.0,4.0,APULL,28,Idle
14.71,1.430335,0.153281,-0.001378,-0.522699,-0.176153,-0.834119,0.103693,-0.104746,0.198347,0.674899,0.258436,-0.127087,0.67939,83.0,3.0,4.0,APULL,28,Idle
14.72,1.35877,0.174072,-0.044562,-0.5213,-0.187849,-0.832442,0.064268,-0.2316,0.249678,0.673267,0.262579,-0.121785,0.680391,83.0,3.0,4.0,APULL,28,Idle
14.73,1.22209,0.183935,-0.00483,-0.519762,-0.198778,-0.830864,0.097231,-0.254789,0.253456,0.671785,0.266343,-0.116746,0.681276,83.0,3.0,4.0,APULL,28,Idle
14.74,1.05937,0.143951,0.049789,-0.518461,-0.208239,-0.829358,0.198407,-0.196256,0.168226,0.670222,0.269653,-0.112285,0.682262,83.0,3.0,4.0,APULL,28,Idle
14.75,0.728454,0.065607,0.044673,-0.51764,-0.215423,-0.828035,0.190385,-0.093705,0.15555,0.668904,0.272249,-0.108916,0.68307,83.0,3.0,4.0,APULL,28,Idle
14.76,0.5797,0.011249,0.040785,-0.517389,-0.220514,-0.826851,0.059717,-0.017585,0.076469,0.667914,0.274228,-0.106647,0.683605,83.0,3.0,4.0,APULL,28,Idle
14.77,0.45831,-0.043649,0.023393,-0.517669,-0.224583,-0.825579,-0.048402,0.056904,-0.030103,0.667069,0.276011,-0.105016,0.683965,83.0,3.0,4.0,APULL,28,Idle
14.78,0.448828,0.028138,-0.038479,-0.517765,-0.22839,-0.824474,-0.080517,0.152356,0.025157,0.666479,0.277581,-0.103498,0.684136,83.0,3.0,4.0,APULL,28,Idle
14.79,0.357466,0.073706,-0.025226,-0.517183,-0.231932,-0.82385,-0.093947,0.030134,0.091505,0.666066,0.278749,-0.101853,0.684311,83.0,3.0,4.0,APULL,28,Idle
14.8,0.059865,0.034341,0.025043,-0.516764,-0.233788,-0.823589,-0.008871,-0.137489,0.096752,0.665773,0.279325,-0.10091,0.684501,83.0,3.0,4.0,APULL,28,Idle
14.81,-0.294297,0.017788,0.052113,-0.516704,-0.232553,-0.823976,0.096172,-0.151633,0.180177,0.665818,0.278826,-0.101331,0.684598,83.0,3.0,4.0,APULL,28,Idle
14.82,-0.460216,0.068274,0.058444,-0.516498,-0.229146,-0.825059,0.132724,-0.173686,0.219773,0.666179,0.277398,-0.10257,0.684643,83.0,3.0,4.0,APULL,28,Idle
14.83,-0.735444,0.106542,0.005966,-0.515795,-0.224082,-0.826887,0.1131,-0.211846,0.205168,0.666936,0.275084,-0.104331,0.684573,83.0,3.0,4.0,APULL,28,Idle
14.84,-0.994922,0.146291,-0.024556,-0.514679,-0.21709,-0.829444,0.087265,-0.194821,0.133369,0.668227,0.271794,-0.106797,0.684248,83.0,3.0,4.0,APULL,28,Idle
14.85,-1.474467,0.137584,0.037651,-0.513471,-0.206738,-0.832831,0.072949,-0.106906,-0.010202,0.669961,0.267134,-0.110561,0.683789,83.0,3.0,4.0,APULL,28,Idle
14.86,-1.660699,0.110773,0.070502,-0.512539,-0.193139,-0.83666,0.016827,-0.011359,-0.147242,0.67193,0.261329,-0.115659,0.683257,83.0,3.0,4.0,APULL,28,Idle
14.87,-1.519958,0.09546,0.011348,-0.511775,-0.179453,-0.840168,-0.073842,0.087,-0.205822,0.673902,0.255559,-0.120854,0.682598,83.0,3.0,4.0,APULL,28,Idle
14.88,-1.172731,0.097716,-0.089775,-0.510884,-0.168149,-0.843044,-0.149089,0.169232,-0.204426,0.675811,0.250639,-0.125132,0.681763,83.0,3.0,4.0,APULL,28,Idle
14.89,-0.82597,0.117173,-0.120288,-0.509833,-0.160453,-0.845178,-0.150995,0.187888,-0.111289,0.677483,0.247045,-0.127984,0.680886,83.0,3.0,4.0,APULL,28,Idle
14.9,-0.821611,0.156634,-0.09827,-0.508484,-0.154157,-0.84716,-0.084411,0.131422,0.017081,0.678937,0.243897,-0.130133,0.680165,83.0,3.0,4.0,APULL,28,Idle
14.91,-0.891103,0.13239,-0.15141,-0.507059,-0.147449,-0.849205,0.006189,-0.018765,0.09684,0.680482,0.240546,-0.13242,0.679372,83.0,3.0,4.0,APULL,28,Idle
14.92,-0.981699,0.119629,-0.246913,-0.505725,-0.140589,-0.851162,0.071475,-0.15949,0.174069,0.682361,0.237104,-0.134909,0.678207,83.0,3.0,4.0,APULL,28,Idle
14.93,-1.198575,0.085266,-0.280882,-0.50445,-0.132672,-0.853187,0.116404,-0.230624,0.192741,0.684624,0.233208,-0.137915,0.676671,83.0,3.0,4.0,APULL,28,Idle
14.94,-1.389078,0.074714,-0.234657,-0.503439,-0.122791,-0.855261,0.153387,-0.217801,0.183188,0.687078,0.228626,-0.141772,0.674948,83.0,3.0,4.0,APULL,28,Idle
14.95,-1.504102,0.06747,-0.228128,-0.502522,-0.111556,-0.857337,0.145588,-0.099931,-0.004372,0.689509,0.223564,-0.146118,0.673236,83.0,3.0,4.0,APULL,28,Idle
14.96,-1.315948,-0.098226,-0.334236,-0.502335,-0.100516,-0.858811,0.031357,0.064978,-0.222824,0.69204,0.218806,-0.150726,0.671182,83.0,3.0,4.0,APULL,28,Idle
14.97,-0.83409,-0.203014,-0.408036,-0.503333,-0.093255,-0.859046,-0.165246,0.137887,-0.186395,0.694368,0.215924,-0.154447,0.668862,83.0,3.0,4.0,APULL,28,Idle
14.98,-0.490257,-0.144396,-0.306063,-0.504592,-0.089625,-0.858693,-0.310517,0.162181,-0.050624,0.696143,0.214611,-0.15683,0.666882,83.0,3.0,4.0,APULL,28,Idle
14.99,-0.177907,-0.051564,-0.18942,-0.505167,-0.087932,-0.85853,-0.271536,0.116146,-0.017034,0.69725,0.213923,-0.158025,0.665664,83.0,3.0,4.0,APULL,28,Idle
15.0,0.069449,-0.02929,-0.176525,-0.505314,-0.088487,-0.858387,-0.087139,-0.017135,0.028003,0.697869,0.214038,-0.158096,0.66496,83.0,3.0,4.0,APULL,28,Idle
15.01,-0.022943,-0.096591,-0.158311,-0.50567,-0.089715,-0.85805,0.077859,-0.104011,-0.020262,0.698331,0.214522,-0.157974,0.664348,83.0,3.0,4.0,APULL,28,Idle
15.02,-0.298375,-0.205023,-0.160402,-0.506846,-0.089192,-0.85741,0.148768,-0.105968,-0.013211,0.698901,0.214617,-0.158853,0.663508,83.0,3.0,4.0,APULL,28,Idle
15.03,-0.515408,-0.223665,-0.184381,-0.508592,-0.086456,-0.856656,0.116075,-0.080536,0.063977,0.699756,0.214013,-0.160842,0.662321,83.0,3.0,4.0,APULL,28,Idle
15.04,-0.591461,-0.151033,-0.158476,-0.510072,-0.082648,-0.856152,0.03441,-0.059564,0.024502,0.700762,0.212864,-0.163135,0.661066,83.0,3.0,4.0,APULL,28,Idle
15.05,-0.651381,-0.15396,-0.159148,-0.511247,-0.077938,-0.855893,-0.010772,0.023785,-0.059177,0.701843,0.211236,-0.165629,0.65982,83.0,3.0,4.0,APULL,28,Idle
15.06,-0.372464,-0.097458,-0.140562,-0.512273,-0.07429,-0.855604,-0.018901,0.094187,-0.035357,0.702784,0.209984,-0.167645,0.658708,83.0,3.0,4.0,APULL,28,Idle
15.07,-0.06662,0.031292,-0.121643,-0.512466,-0.073048,-0.855595,0.013474,0.153263,-0.018108,0.703421,0.20942,-0.168363,0.658024,83.0,3.0,4.0,APULL,28,Idle
15.08,0.212568,0.061011,-0.148857,-0.511865,-0.074418,-0.855836,0.086435,0.197358,-0.004393,0.70382,0.209623,-0.16775,0.65769,83.0,3.0,4.0,APULL,28,Idle
15.09,0.416808,0.035588,-0.200152,-0.511345,-0.078119,-0.855818,0.133415,0.173395,0.001707,0.704089,0.210774,-0.16633,0.657395,83.0,3.0,4.0,APULL,28,Idle
15.1,0.439883,0.009236,-0.261624,-0.510956,-0.082991,-0.855591,0.118317,0.11479,-0.004379,0.704413,0.212406,-0.164585,0.656961,83.0,3.0,4.0,APULL,28,Idle
15.11,0.489117,-0.016496,-0.307848,-0.510764,-0.088456,-0.855158,0.052893,0.030259,0.061884,0.704859,0.214307,-0.162768,0.656318,83.0,3.0,4.0,APULL,28,Idle
15.12,0.420115,-0.018621,-0.266973,-0.510642,-0.093953,-0.854645,0.006995,-0.05923,0.090469,0.705301,0.216249,-0.160978,0.655646,83.0,3.0,4.0,APULL,28,Idle
15.13,0.174761,-0.041443,-0.217167,-0.510646,-0.097807,-0.85421,0.03152,-0.098421,0.092522,0.705741,0.217615,-0.159809,0.655007,83.0,3.0,4.0,APULL,28,Idle
15.14,-0.057818,-0.152168,-0.201768,-0.511227,-0.099291,-0.853691,0.084531,-0.05908,0.07241,0.706283,0.218259,-0.159742,0.654225,83.0,3.0,4.0,APULL,28,Idle
15.15,-0.072982,-0.217965,-0.200267,-0.512641,-0.099653,-0.8528,0.095908,0.001203,0.058458,0.706884,0.218759,-0.16045,0.653234,83.0,3.0,4.0,APULL,28,Idle
15.16,0.036388,-0.224865,-0.19111,-0.514327,-0.100591,-0.851675,0.085677,0.060262,0.057424,0.707357,0.219609,-0.161042,0.652291,83.0,3.0,4.0,APULL,28,Idle
15.17,0.145467,-0.274966,-0.240491,-0.516229,-0.10232,-0.850317,0.089288,0.143076,0.010244,0.707761,0.220856,-0.161444,0.651332,83.0,3.0,4.0,APULL,28,Idle
15.18,0.402795,-0.302399,-0.300766,-0.518438,-0.106101,-0.848508,0.076863,0.139213,0.079861,0.708106,0.223018,-0.161273,0.650262,83.0,3.0,4.0,APULL,28,Idle
15.19,0.444799,-0.282666,-0.311395,-0.520585,-0.111492,-0.846499,0.061875,0.055858,0.108615,0.708381,0.225798,-0.160516,0.649189,83.0,3.0,4.0,APULL,28,Idle
15.2,0.158294,-0.340783,-0.292514,-0.522829,-0.115767,-0.84454,0.054263,-0.059267,0.062069,0.708756,0.228163,-0.160224,0.648024,83.0,3.0,4.0,APULL,28,Idle
15.21,-0.156733,-0.421349,-0.296844,-0.52571,-0.117383,-0.842526,0.023695,-0.157107,-0.023822,0.709391,0.229668,-0.161213,0.646551,83.0,3.0,4.0,APULL,28,Idle
15.22,-0.409378,-0.466686,-0.326878,-0.529113,-0.116562,-0.840507,-0.03859,-0.151459,-0.085533,0.71037,0.230326,-0.16339,0.644692,83.0,3.0,4.0,APULL,28,Idle
15.23,-0.444181,-0.462847,-0.297956,-0.53269,-0.114461,-0.838535,-0.107813,-0.075526,-0.050046,0.711523,0.230497,-0.166144,0.642652,83.0,3.0,4.0,APULL,28,Idle
15.24,-0.266066,-0.375244,-0.235232,-0.535933,-0.112918,-0.836675,-0.132082,-0.003537,-0.032847,0.712425,0.230819,-0.168478,0.640927,83.0,3.0,4.0,APULL,28,Idle
15.25,-0.080687,-0.298617,-0.273029,-0.538442,-0.112742,-0.835087,-0.085551,0.078211,-0.056194,0.71315,0.231453,-0.16996,0.6395,83.0,3.0,4.0,APULL,28,Idle
15.26,0.169451,-0.268483,-0.314087,-0.540449,-0.114743,-0.833516,-0.017001,0.078473,-0.032557,0.713806,0.232773,-0.170466,0.638153,83.0,3.0,4.0,APULL,28,Idle
15.27,0.263884,-0.21589,-0.304767,-0.54213,-0.118366,-0.831916,0.014603,0.024143,-0.021081,0.714316,0.234652,-0.170236,0.636954,83.0,3.0,4.0,APULL,28,Idle
15.28,0.203774,-0.166321,-0.287984,-0.543348,-0.121929,-0.830606,0.00778,-0.002735,-0.048239,0.714823,0.236346,-0.169816,0.635871,83.0,3.0,4.0,APULL,28,Idle
15.29,0.165907,-0.1403,-0.279341,-0.54426,-0.124987,-0.829554,-0.015127,-0.018568,-0.048651,0.715378,0.237723,-0.169443,0.634832,83.0,3.0,4.0,APULL,28,Idle
15.3,0.10677,-0.108496,-0.26035,-0.544957,-0.127639,-0.828692,-0.031826,-0.00792,-0.032544,0.715953,0.238859,-0.169116,0.633843,83.0,3.0,4.0,APULL,28,Idle
15.31,0.034732,-0.12053,-0.261465,-0.545539,-0.129582,-0.828007,-0.015252,0.02155,-0.003292,0.716613,0.239655,-0.169002,0.632827,83.0,3.0,4.0,APULL,28,Idle
15.32,0.082923,-0.152443,-0.258777,-0.546341,-0.1315,-0.827175,0.008087,-0.00911,-0.006763,0.717256,0.240524,-0.168998,0.631769,83.0,3.0,4.0,APULL,28,Idle
15.33,0.055112,-0.172285,-0.241074,-0.54738,-0.133479,-0.826171,0.019609,-0.029378,0.001724,0.717821,0.241523,-0.16906,0.630729,83.0,3.0,4.0,APULL,28,Idle
15.34,0.017887,-0.185396,-0.219147,-0.548533,-0.135057,-0.825149,0.019938,-0.0119,0.013412,0.71835,0.242413,-0.169296,0.62972,83.0,3.0,4.0,APULL,28,Idle
15.35,0.018085,-0.217308,-0.197097,-0.549924,-0.136343,-0.824011,0.014737,0.003195,-0.001291,0.718803,0.243293,-0.169714,0.628751,83.0,3.0,4.0,APULL,28,Idle
15.36,0.035045,-0.224584,-0.178501,-0.551508,-0.137618,-0.82274,0.004221,0.0139,0.006791,0.719166,0.24426,-0.170197,0.627829,83.0,3.0,4.0,APULL,28,Idle
15.37,0.087927,-0.18359,-0.162017,-0.552993,-0.139047,-0.821501,-0.023362,0.012917,-0.020494,0.719453,0.245275,-0.170557,0.627007,83.0,3.0,4.0,APULL,28,Idle
15.38,0.16115,-0.134221,-0.143386,-0.554107,-0.140955,-0.820425,-0.048356,-0.002981,-0.049631,0.719641,0.246376,-0.170548,0.626362,83.0,3.0,4.0,APULL,28,Idle
15.39,0.213586,-0.074524,-0.119033,-0.554755,-0.143249,-0.819589,-0.051217,-0.000977,-0.056906,0.719731,0.247493,-0.170154,0.625925,83.0,3.0,4.0,APULL,28,Idle
15.4,0.272212,-0.018422,-0.118149,-0.554972,-0.145843,-0.818984,-0.041524,0.020675,-0.048264,0.719759,0.248595,-0.169435,0.625651,83.0,3.0,4.0,APULL,28,Idle
15.41,0.390262,0.032133,-0.121852,-0.554712,-0.149201,-0.818556,-0.036367,0.02652,-0.055544,0.71973,0.249849,-0.168219,0.625513,83.0,3.0,4.0,APULL,28,Idle
15.42,0.499984,0.0828,-0.125554,-0.554059,-0.153571,-0.81819,-0.026553,0.01995,-0.056627,0.719598,0.251395,-0.16645,0.625519,83.0,3.0,4.0,APULL,28,Idle
15.43,0.548484,0.110016,-0.119609,-0.553083,-0.158557,-0.817899,-0.010897,0.012225,-0.020647,0.719391,0.253092,-0.164301,0.625641,83.0,3.0,4.0,APULL,28,Idle
15.44,0.567075,0.133313,-0.119574,-0.551914,-0.163813,-0.817653,-0.003674,0.003153,-0.012837,0.719147,0.254837,-0.161961,0.625822,83.0,3.0,4.0,APULL,28,Idle
15.45,0.609506,0.141335,-0.120319,-0.55058,-0.169279,-0.817439,-0.011431,-0.009524,-0.003606,0.718886,0.256611,-0.159472,0.626037,83.0,3.0,4.0,APULL,28,Idle
15.46,0.641243,0.166581,-0.115133,-0.549141,-0.175052,-0.817191,-0.011879,-0.015774,0.002585,0.718578,0.258482,-0.156817,0.626292,83.0,3.0,4.0,APULL,28,Idle
15.47,0.692004,0.191344,-0.103483,-0.547494,-0.181031,-0.816994,-0.008552,-0.005249,-0.020927,0.718198,0.260376,-0.153972,0.626649,83.0,3.0,4.0,APULL,28,Idle
15.48,0.807828,0.236687,-0.095852,-0.545545,-0.18771,-0.81679,-0.0078,0.000759,-0.030866,0.717698,0.262469,-0.150714,0.62714,83.0,3.0,4.0,APULL,28,Idle
15.49,0.933078,0.273165,-0.073478,-0.543301,-0.1953,-0.816506,-0.009968,0.0163,-0.030082,0.717007,0.264863,-0.146951,0.627817,83.0,3.0,4.0,APULL,28,Idle
15.5,1.014445,0.297725,-0.056477,-0.540824,-0.203654,-0.816109,-0.015908,0.040355,-0.052818,0.716118,0.267518,-0.142757,0.628673,83.0,3.0,4.0,APULL,28,Idle
15.51,1.100392,0.283876,-0.054132,-0.538313,-0.212584,-0.815492,-0.03554,0.047393,-0.053069,0.715078,0.270418,-0.138304,0.62961,83.0,3.0,4.0,APULL,28,Idle
15.52,1.191603,0.298672,-0.036075,-0.535862,-0.222197,-0.814543,-0.065243,0.032226,-0.049776,0.713863,0.273644,-0.133594,0.630611,83.0,3.0,4.0,APULL,28,Idle
15.53,1.276657,0.32524,0.01849,-0.533267,-0.232335,-0.813417,-0.080319,0.021459,-0.05992,0.712398,0.277071,-0.128544,0.63182,83.0,3.0,4.0,APULL,28,Idle
15.54,1.37039,0.332106,0.068293,-0.53069,-0.242811,-0.812041,-0.083706,0.026854,-0.068848,0.71062,0.280689,-0.12326,0.633277,83.0,3.0,4.0,APULL,28,Idle
15.55,1.588942,0.390874,0.089528,-0.527955,-0.25432,-0.810299,-0.102401,0.039568,-0.112049,0.70849,0.284716,-0.11742,0.634974,83.0,3.0,4.0,APULL,28,Idle
15.56,1.872626,0.396231,0.088566,-0.52498,-0.267932,-0.807842,-0.10417,0.073047,-0.109685,0.705932,0.289559,-0.110611,0.636852,83.0,3.0,4.0,APULL,28,Idle
15.57,1.988084,0.363869,0.081426,-0.522149,-0.283161,-0.804475,-0.063316,0.127094,-0.066756,0.703023,0.295149,-0.103196,0.638746,83.0,3.0,4.0,APULL,28,Idle
15.58,1.940202,0.32379,0.061068,-0.519608,-0.298604,-0.800526,-0.025802,0.139745,-0.052318,0.700019,0.300932,-0.095795,0.640497,83.0,3.0,4.0,APULL,28,Idle
15.59,1.873606,0.303907,0.019798,-0.517238,-0.313624,-0.796307,-0.029042,0.074931,-0.023349,0.697126,0.306576,-0.088644,0.642004,83.0,3.0,4.0,APULL,28,Idle
15.6,1.73029,0.252731,-0.026555,-0.51498,-0.328028,-0.791955,-0.036381,0.006632,0.041986,0.694456,0.311971,-0.081834,0.643202,83.0,3.0,4.0,APULL,28,Idle
15.61,1.502787,0.263885,-0.023004,-0.512825,-0.341007,-0.787861,-0.033806,-0.040142,0.098469,0.692097,0.316774,-0.075657,0.644153,83.0,3.0,4.0,APULL,28,Idle
15.62,1.120995,0.201225,0.019877,-0.510955,-0.351396,-0.784504,-0.022615,-0.065871,0.098133,0.690071,0.320574,-0.070573,0.645023,83.0,3.0,4.0,APULL,28,Idle
15.63,0.810979,0.062394,0.009513,-0.510026,-0.358796,-0.781754,0.024628,-0.03958,0.135529,0.688501,0.323457,-0.06707,0.645634,83.0,3.0,4.0,APULL,28,Idle
15.64,0.857859,0.108485,0.017519,-0.509429,-0.365263,-0.779144,0.023513,-0.095568,0.110031,0.687175,0.326061,-0.064129,0.646036,83.0,3.0,4.0,APULL,28,Idle
15.65,0.586253,0.155181,0.08966,-0.508482,-0.370831,-0.77713,0.018385,-0.19501,0.154846,0.685798,0.328147,-0.061274,0.646719,83.0,3.0,4.0,APULL,28,Idle
15.66,0.119144,0.024976,0.058736,-0.508044,-0.37313,-0.776316,0.047671,-0.132272,0.159906,0.68502,0.329008,-0.059967,0.647229,83.0,3.0,4.0,APULL,28,Idle
15.67,-0.290328,-0.002403,0.10587,-0.508378,-0.372104,-0.776589,0.077226,-0.120404,0.245354,0.684915,0.328724,-0.060385,0.647446,83.0,3.0,4.0,APULL,28,Idle
15.68,-0.750303,0.070286,0.198521,-0.508698,-0.367292,-0.778667,0.046784,-0.219179,0.265728,0.685283,0.326797,-0.062209,0.647859,83.0,3.0,4.0,APULL,28,Idle
15.69,-1.29944,0.044473,0.247344,-0.508992,-0.35813,-0.782732,0.047948,-0.275689,0.254641,0.686234,0.322989,-0.065668,0.64842,83.0,3.0,4.0,APULL,28,Idle
15.7,-1.76146,-0.099502,0.178191,-0.509969,-0.34483,-0.78805,0.129537,-0.167926,0.186122,0.687987,0.317671,-0.071134,0.648613,83.0,3.0,4.0,APULL,28,Idle
15.71,-1.771783,-0.21881,0.056054,-0.511636,-0.329964,-0.793317,0.226495,0.019524,0.12927,0.690381,0.311931,-0.077719,0.648099,83.0,3.0,4.0,APULL,28,Idle
15.72,-1.455209,-0.254843,-0.014474,-0.5136,-0.317008,-0.797321,0.29952,0.173148,0.124378,0.692741,0.307106,-0.083818,0.647125,83.0,3.0,4.0,APULL,28,Idle
15.73,-1.261811,-0.287623,0.02239,-0.515763,-0.306254,-0.800123,0.322144,0.238688,0.103529,0.694698,0.303308,-0.089119,0.646109,83.0,3.0,4.0,APULL,28,Idle
15.74,-1.210245,-0.296481,0.117879,-0.51837,-0.296004,-0.802293,0.237303,0.133529,0.123613,0.696198,0.29995,-0.09425,0.645333,83.0,3.0,4.0,APULL,28,Idle
15.75,-1.284625,-0.3134,0.150391,-0.521206,-0.285343,-0.804315,0.080349,-0.058773,0.064081,0.69743,0.296552,-0.099495,0.644786,83.0,3.0,4.0,APULL,28,Idle
15.76,-1.688648,-0.388689,0.102219,-0.524389,-0.27284,-0.806582,-0.014354,-0.171221,-0.001386,0.69901,0.292486,-0.105645,0.643954,83.0,3.0,4.0,APULL,28,Idle
15.77,-2.032475,-0.531219,0.148798,-0.52837,-0.257059,-0.809164,-0.010113,-0.142919,-0.074015,0.701123,0.28731,-0.113451,0.642658,83.0,3.0,4.0,APULL,28,Idle
15.78,-2.296766,-0.558339,0.305005,-0.533479,-0.238443,-0.811508,0.027376,-0.013083,-0.163178,0.703135,0.281431,-0.122648,0.64137,83.0,3.0,4.0,APULL,28,Idle
15.79,-2.653561,-0.540406,0.354869,-0.538805,-0.216212,-0.814212,0.002184,0.139979,-0.194241,0.705168,0.274171,-0.133133,0.64019,83.0,3.0,4.0,APULL,28,Idle
15.8,-2.271261,-0.449513,0.273869,-0.543479,-0.194163,-0.816659,-0.130487,0.215418,-0.231467,0.707183,0.266725,-0.143276,0.638923,83.0,3.0,4.0,APULL,28,Idle
15.81,-1.672559,-0.306666,0.198485,-0.547006,-0.176633,-0.818282,-0.208777,0.29382,-0.248628,0.708787,0.260721,-0.151274,0.637779,83.0,3.0,4.0,APULL,28,Idle
15.82,-0.996456,-0.091634,0.199797,-0.548997,-0.164699,-0.819436,-0.15605,0.343944,-0.198569,0.709729,0.25651,-0.156475,0.637183,83.0,3.0,4.0,APULL,28,Idle
15.83,-0.590926,0.124618,0.285627,-0.549211,-0.15701,-0.820801,-0.041594,0.227642,-0.025878,0.709965,0.253498,-0.159179,0.637457,83.0,3.0,4.0,APULL,28,Idle
15.84,-0.323865,0.235491,0.276074,-0.548148,-0.151651,-0.822518,0.026603,0.090372,-0.010643,0.709766,0.251053,-0.160355,0.638351,83.0,3.0,4.0,APULL,28,Idle
15.85,-0.198336,0.318616,0.23315,-0.546252,-0.148239,-0.824399,0.033908,0.022888,-0.058826,0.709494,0.249092,-0.16048,0.639389,83.0,3.0,4.0,APULL,28,Idle
15.86,-0.167418,0.388304,0.244706,-0.543667,-0.145391,-0.826612,0.053127,-0.020655,-0.064715,0.709245,0.247098,-0.160114,0.64053,83.0,3.0,4.0,APULL,28,Idle
15.87,-0.013672,0.446203,0.268095,-0.540554,-0.14318,-0.829036,0.082546,-0.019128,-0.051472,0.708888,0.245191,-0.159259,0.641869,83.0,3.0,4.0,APULL,28,Idle
15.88,0.146379,0.509638,0.251688,-0.536957,-0.142339,-0.831515,0.053467,0.092611,-0.015012,0.708329,0.243693,-0.157659,0.64345,83.0,3.0,4.0,APULL,28,Idle
15.89,0.437966,0.543848,0.200418,-0.532829,-0.143455,-0.833975,-0.032784,0.196769,-0.040796,0.707689,0.242781,-0.155146,0.645108,83.0,3.0,4.0,APULL,28,Idle
15.9,0.707388,0.543015,0.213722,-0.528581,-0.147288,-0.836007,-0.092375,0.18928,-0.078818,0.70674,0.242946,-0.15157,0.646933,83.0,3.0,4.0,APULL,28,Idle
15.91,0.800783,0.544165,0.268522,-0.524398,-0.152402,-0.837723,-0.101502,0.137265,-0.039184,0.705446,0.243698,-0.147479,0.649005,83.0,3.0,4.0,APULL,28,Idle
15.92,0.775252,0.488021,0.284775,-0.520486,-0.157569,-0.839206,-0.062126,0.051246,-0.006436,0.70394,0.244597,-0.14342,0.651208,83.0,3.0,4.0,APULL,28,Idle
15.93,0.855646,0.425716,0.266506,-0.517115,-0.162877,-0.840275,-0.032705,0.058995,-0.029308,0.702365,0.245745,-0.139541,0.653315,83.0,3.0,4.0,APULL,28,Idle
15.94,1.021906,0.369728,0.26063,-0.514208,-0.16941,-0.840768,-0.024961,0.095588,-0.073813,0.700626,0.247554,-0.135401,0.655368,83.0,3.0,4.0,APULL,28,Idle
15.95,1.172478,0.293812,0.267549,-0.511816,-0.177335,-0.840593,0.004965,0.126691,-0.085951,0.698601,0.250128,-0.130917,0.65746,83.0,3.0,4.0,APULL,28,Idle
15.96,1.403891,0.226579,0.196447,-0.510133,-0.186854,-0.839554,0.0309,0.136561,-0.071381,0.696378,0.253601,-0.126134,0.65942,83.0,3.0,4.0,APULL,28,Idle
15.97,1.545836,0.203146,0.168044,-0.50866,-0.198529,-0.837765,0.042092,0.097943,0.003155,0.693985,0.257995,-0.120648,0.661263,83.0,3.0,4.0,APULL,28,Idle
15.98,1.469071,0.167183,0.163097,-0.507429,-0.210308,-0.835635,0.070188,0.068859,0.090716,0.69158,0.262501,-0.115219,0.662974,83.0,3.0,4.0,APULL,28,Idle
15.99,1.571598,0.109018,0.158254,-0.506587,-0.222104,-0.83309,0.107433,-0.008761,0.123343,0.689143,0.267152,-0.10993,0.664551,83.0,3.0,4.0,APULL,28,Idle
16.0,1.484825,0.008228,0.192455,-0.506493,-0.234239,-0.829817,0.112191,-0.192809,0.235884,0.686479,0.272247,-0.104752,0.666075,83.0,3.0,4.0,APULL,28,Idle
16.01,0.856915,0.007445,0.172055,-0.507069,-0.243076,-0.826919,0.115285,-0.344128,0.332717,0.684227,0.276251,-0.101124,0.667303,83.0,3.0,4.0,APULL,28,Idle
16.02,0.462013,0.043281,0.133816,-0.507186,-0.2475,-0.825534,0.0988,-0.436093,0.399966,0.682874,0.278219,-0.099134,0.668169,83.0,3.0,4.0,APULL,28,Idle
16.03,0.439669,-0.050183,0.261925,-0.507685,-0.250184,-0.824417,0.210429,-0.360732,0.241211,0.68156,0.279653,-0.097906,0.669092,83.0,3.0,4.0,APULL,28,Idle
16.04,0.061804,-0.079882,0.23675,-0.508984,-0.251024,-0.82336,0.211041,-0.121474,0.302883,0.680315,0.280678,-0.097673,0.669964,83.0,3.0,4.0,APULL,28,Idle
16.05,0.187631,-0.037794,0.229462,-0.509968,-0.250565,-0.822891,-0.102963,-0.089401,0.139817,0.679392,0.281026,-0.097871,0.670725,83.0,3.0,4.0,APULL,28,Idle
16.06,0.30405,-0.005561,0.220646,-0.510796,-0.251564,-0.822073,-0.191521,-0.052941,0.133382,0.678252,0.28191,-0.097419,0.671573,83.0,3.0,4.0,APULL,28,Idle
16.07,0.380931,0.084918,0.24552,-0.51109,-0.253135,-0.821407,-0.100741,0.061652,0.263927,0.677026,0.282814,-0.096504,0.672562,83.0,3.0,4.0,APULL,28,Idle
16.08,0.428099,0.063181,0.278491,-0.511076,-0.255274,-0.820754,0.015104,-0.056386,0.234664,0.675573,0.283843,-0.095164,0.673779,83.0,3.0,4.0,APULL,28,Idle
16.09,-0.097479,-0.043408,0.299326,-0.511677,-0.255501,-0.820309,0.124409,-0.221428,0.105953,0.674305,0.284352,-0.094815,0.674883,83.0,3.0,4.0,APULL,28,Idle
16.1,-1.039197,-0.157821,0.298929,-0.513312,-0.249214,-0.821221,0.131705,-0.241951,-0.089805,0.674045,0.28262,-0.097548,0.675481,83.0,3.0,4.0,APULL,28,Idle
16.11,-1.447342,-0.234854,0.240942,-0.515612,-0.237332,-0.823297,-0.009352,-0.150577,-0.207266,0.674828,0.278856,-0.102912,0.675467,83.0,3.0,4.0,APULL,28,Idle
16.12,-1.522032,-0.22249,0.213864,-0.518086,-0.223844,-0.825518,-0.156398,-0.002718,-0.170392,0.676031,0.274486,-0.10908,0.675086,83.0,3.0,4.0,APULL,28,Idle
16.13,-1.376274,-0.166612,0.226593,-0.52013,-0.210527,-0.827734,-0.238827,0.126238,-0.17045,0.677186,0.270019,-0.11499,0.674749,83.0,3.0,4.0,APULL,28,Idle
16.14,-0.969068,-0.127583,0.200873,-0.521824,-0.199582,-0.829377,-0.246074,0.10568,-0.151733,0.677955,0.266387,-0.119788,0.674586,83.0,3.0,4.0,APULL,28,Idle
16.15,-0.622352,0.005856,0.191305,-0.522841,-0.192201,-0.830479,-0.172868,0.047868,-0.063655,0.678282,0.263925,-0.122898,0.674665,83.0,3.0,4.0,APULL,28,Idle
16.16,-0.818456,-0.00022,0.218235,-0.523129,-0.185131,-0.831903,-0.028217,0.005337,0.037775,0.678533,0.261312,-0.125556,0.674941,83.0,3.0,4.0,APULL,28,Idle
16.17,-0.814641,-0.111345,0.176255,-0.523897,-0.177163,-0.833154,0.130068,-0.016715,0.068276,0.678898,0.25853,-0.128784,0.675036,83.0,3.0,4.0,APULL,28,Idle
16.18,-0.759273,-0.181647,0.111155,-0.525443,-0.169918,-0.833689,0.190192,-0.051975,0.11117,0.679315,0.256317,-0.132126,0.674816,83.0,3.0,4.0,APULL,28,Idle
16.19,-0.819795,-0.203993,0.088155,-0.52724,-0.162789,-0.833977,0.172443,-0.035744,0.016976,0.679874,0.254215,-0.135595,0.674359,83.0,3.0,4.0,APULL,28,Idle
16.2,-0.839604,-0.190768,0.102936,-0.529018,-0.155344,-0.834271,0.114788,0.052821,-0.089878,0.680482,0.251975,-0.139188,0.673854,83.0,3.0,4.0,APULL,28,Idle
16.21,-0.785205,-0.119906,0.133724,-0.530482,-0.14787,-0.8347,0.028528,0.126217,-0.073045,0.68102,0.249613,-0.14263,0.673469,83.0,3.0,4.0,APULL,28,Idle
16.22,-0.551388,-0.083118,0.132636,-0.53154,-0.141453,-0.835139,-0.037903,0.126346,-0.093237,0.681329,0.247541,-0.145444,0.673321,83.0,3.0,4.0,APULL,28,Idle
16.23,-0.247391,-0.025222,0.132597,-0.53221,-0.13746,-0.835379,-0.058519,0.106195,-0.097452,0.681339,0.246296,-0.147136,0.673399,83.0,3.0,4.0,APULL,28,Idle
16.24,-0.038091,0.033367,0.168518,-0.532371,-0.135507,-0.835595,-0.04313,0.080927,-0.052726,0.681012,0.245696,-0.147769,0.67381,83.0,3.0,4.0,APULL,28,Idle
16.25,-0.004173,0.067391,0.23008,-0.532185,-0.134425,-0.835888,-0.011104,0.043315,-0.013843,0.680377,0.245358,-0.147835,0.67456,83.0,3.0,4.0,APULL,28,Idle
16.26,-0.140319,0.015667,0.172233,-0.532089,-0.132689,-0.836226,0.009201,0.030959,-0.080506,0.679785,0.244801,-0.148186,0.675282,83.0,3.0,4.0,APULL,28,Idle
16.27,-0.151488,-0.017317,0.079933,-0.53231,-0.130829,-0.836379,-0.00248,0.001449,-0.033601,0.679561,0.244239,-0.148855,0.675564,83.0,3.0,4.0,APULL,28,Idle
16.28,-0.314057,0.0183,0.094954,-0.532376,-0.128484,-0.8367,-0.037661,-0.029734,-0.051056,0.679557,0.243389,-0.149706,0.675687,83.0,3.0,4.0,APULL,28,Idle
16.29,-0.322352,0.006673,0.132791,-0.532412,-0.12511,-0.837189,-0.043318,-0.037671,-0.000183,0.679588,0.242134,-0.150919,0.675837,83.0,3.0,4.0,APULL,28,Idle
16.3,-0.238506,0.007433,0.170927,-0.532527,-0.121944,-0.837583,-0.016408,-0.059239,0.02612,0.679418,0.241034,-0.152023,0.676153,83.0,3.0,4.0,APULL,28,Idle
16.31,-0.192243,-0.01474,0.17255,-0.532746,-0.119233,-0.837833,0.031053,-0.024901,0.03664,0.679085,0.240182,-0.152957,0.67658,83.0,3.0,4.0,APULL,28,Idle
16.32,-0.237229,-0.08617,0.138756,-0.533324,-0.116602,-0.837836,0.074126,0.043085,0.013617,0.67877,0.239494,-0.154027,0.676897,83.0,3.0,4.0,APULL,28,Idle
16.33,-0.203022,-0.16959,0.061682,-0.534512,-0.114145,-0.837417,0.086285,0.075342,0.004379,0.678611,0.23907,-0.15536,0.676902,83.0,3.0,4.0,APULL,28,Idle
16.34,-0.083962,-0.194846,0.032982,-0.536132,-0.112745,-0.836571,0.053176,0.027967,0.048531,0.678479,0.239199,-0.156519,0.676721,83.0,3.0,4.0,APULL,28,Idle
16.35,-0.055668,-0.155749,0.058438,-0.537655,-0.111998,-0.835693,0.014126,-0.029909,0.081604,0.678269,0.239553,-0.157377,0.676607,83.0,3.0,4.0,APULL,28,Idle
16.36,-0.132841,-0.146412,0.058011,-0.538956,-0.110899,-0.835002,-0.001114,-0.070315,0.027034,0.678063,0.23969,-0.158265,0.676558,83.0,3.0,4.0,APULL,28,Idle
16.37,-0.270385,-0.140125,0.02723,-0.540206,-0.108976,-0.834447,0.006057,-0.0385,-0.049434,0.678044,0.239457,-0.15949,0.676373,83.0,3.0,4.0,APULL,28,Idle
16.38,-0.263723,-0.086053,0.001897,-0.541216,-0.106595,-0.8341,0.005602,0.007474,-0.042426,0.678232,0.238912,-0.160845,0.676056,83.0,3.0,4.0,APULL,28,Idle
16.39,-0.170601,-0.032649,-0.004103,-0.541368,-0.105669,-0.834119,-0.015578,0.037569,-0.080996,0.678561,0.238547,-0.161356,0.675733,83.0,3.0,4.0,APULL,28,Idle
16.4,-0.016924,0.039771,-0.021334,-0.540259,-0.1044,-0.834997,-0.047204,0.066207,-0.048441,0.678836,0.237585,-0.161415,0.675782,83.0,3.0,4.0,APULL,28,Idle
16.41,0.148015,0.166514,-0.019453,-0.53816,-0.103901,-0.836414,-0.070055,0.025944,-0.001889,0.678991,0.236561,-0.160723,0.67615,83.0,3.0,4.0,APULL,28,Idle
16.42,0.188294,0.218682,0.003133,-0.536149,-0.105179,-0.837545,-0.048766,-0.012817,-0.006831,0.678999,0.236268,-0.159389,0.676559,83.0,3.0,4.0,APULL,28,Idle
16.43,0.1021,0.241007,0.050877,-0.534792,-0.107218,-0.838154,-0.016829,0.000238,-0.039486,0.678903,0.236531,-0.158038,0.676881,83.0,3.0,4.0,APULL,28,Idle
16.44,0.020527,0.243527,0.057103,-0.533114,-0.108672,-0.839035,-0.00163,0.062423,-0.073898,0.678893,0.236434,-0.156785,0.677216,83.0,3.0,4.0,APULL,28,Idle
16.45,0.116332,0.331399,0.021933,-0.530453,-0.109485,-0.840614,-0.022571,0.095951,-0.044319,0.678995,0.235697,-0.15537,0.677697,83.0,3.0,4.0,APULL,28,Idle
16.46,0.265727,0.402311,-0.002046,-0.527136,-0.110772,-0.842531,-0.041575,0.073021,-0.060973,0.679022,0.234901,-0.15348,0.678376,83.0,3.0,4.0,APULL,28,Idle
16.47,0.389508,0.416728,-0.001174,-0.523563,-0.112707,-0.844499,-0.015897,0.036795,0.000795,0.678909,0.23428,-0.151206,0.679215,83.0,3.0,4.0,APULL,28,Idle
16.48,0.355016,0.409875,0.040392,-0.520045,-0.115882,-0.846242,0.020426,-0.011452,0.045979,0.678723,0.234153,-0.148497,0.680041,83.0,3.0,4.0,APULL,28,Idle
16.49,0.181212,0.317403,0.048679,-0.517014,-0.117926,-0.847815,0.057297,-0.000818,0.039541,0.678507,0.233798,-0.146394,0.680834,83.0,3.0,4.0,APULL,28,Idle
16.5,0.105552,0.239864,0.039639,-0.514766,-0.118818,-0.849057,0.043804,0.002104,0.057278,0.678392,0.233292,-0.145074,0.681405,83.0,3.0,4.0,APULL,28,Idle
16.51,0.085344,0.234852,0.036735,-0.512811,-0.119458,-0.85015,0.02134,-0.023471,0.070197,0.678316,0.232795,-0.143984,0.681882,83.0,3.0,4.0,APULL,28,Idle
16.52,-0.004677,0.20693,0.071198,-0.510947,-0.119596,-0.851252,0.029303,-0.00458,0.040903,0.67825,0.232146,-0.143116,0.682351,83.0,3.0,4.0,APULL,28,Idle
16.53,-0.114082,0.181023,0.127632,-0.509429,-0.118554,-0.852307,0.041259,0.041665,-0.017078,0.678115,0.231208,-0.142792,0.682871,83.0,3.0,4.0,APULL,28,Idle
16.54,-0.041245,0.23642,0.139785,-0.507874,-0.117073,-0.853439,0.042649,0.07795,-0.013734,0.677905,0.230109,-0.142585,0.683494,83.0,3.0,4.0,APULL,28,Idle
16.55,0.15316,0.30814,0.127179,-0.505661,-0.116892,-0.854777,0.05156,0.095484,-0.001135,0.677578,0.229263,-0.141599,0.684307,83.0,3.0,4.0,APULL,28,Idle
16.56,0.317557,0.290754,0.116551,-0.503188,-0.118297,-0.856042,0.068481,0.114666,-0.021049,0.677097,0.228931,-0.139892,0.685245,83.0,3.0,4.0,APULL,28,Idle
16.57,0.494324,0.259474,0.143986,-0.501041,-0.121143,-0.856903,0.062946,0.04842,0.070023,0.676382,0.229299,-0.137734,0.686264,83.0,3.0,4.0,APULL,28,Idle
16.58,0.424095,0.28306,0.209934,-0.498914,-0.124425,-0.857673,0.028729,-0.045542,0.103859,0.675406,0.229881,-0.135345,0.687505,83.0,3.0,4.0,APULL,28,Idle
16.59,0.079596,0.227661,0.275055,-0.496984,-0.125406,-0.85865,0.024801,-0.033896,0.043129,0.674442,0.229685,-0.133864,0.688806,83.0,3.0,4.0,APULL,28,Idle
16.6,-0.188577,0.143197,0.277659,-0.495791,-0.123409,-0.859628,0.054553,-0.01418,0.04162,0.673663,0.228644,-0.133819,0.689922,83.0,3.0,4.0,APULL,28,Idle
16.61,-0.272337,0.102762,0.208054,-0.49505,-0.120134,-0.860519,0.06759,-0.002806,0.044067,0.673169,0.227256,-0.134518,0.690727,83.0,3.0,4.0,APULL,28,Idle
16.62,-0.188142,0.048851,0.144022,-0.494596,-0.117173,-0.861189,0.076825,0.022156,0.04846,0.672892,0.226053,-0.135298,0.691238,83.0,3.0,4.0,APULL,28,Idle
16.63,0.015939,0.05442,0.174015,-0.494416,-0.115648,-0.861498,0.080139,0.033983,0.075884,0.672488,0.225507,-0.135638,0.691743,83.0,3.0,4.0,APULL,28,Idle
16.64,0.086329,0.129676,0.21498,-0.493876,-0.115228,-0.861864,0.06927,0.079507,0.012819,0.671782,0.225284,-0.135335,0.692561,83.0,3.0,4.0,APULL,28,Idle
16.65,0.12088,0.200791,0.128008,-0.492654,-0.115169,-0.862571,0.067926,0.159251,-0.07023,0.671162,0.22491,-0.134648,0.693416,83.0,3.0,4.0,APULL,28,Idle
16.66,0.418356,0.224449,-0.064092,-0.490817,-0.117235,-0.863339,0.07294,0.179628,-0.130283,0.670889,0.225004,-0.133056,0.693958,83.0,3.0,4.0,APULL,28,Idle
16.67,0.690271,0.201765,-0.194368,-0.488814,-0.122827,-0.863698,0.06816,0.136575,-0.118007,0.670861,0.226267,-0.130209,0.694115,83.0,3.0,4.0,APULL,28,Idle
16.68,0.665791,0.213384,-0.207399,-0.486788,-0.129839,-0.863817,0.052843,0.072955,-0.045073,0.670916,0.228023,-0.126875,0.694104,83.0,3.0,4.0,APULL,28,Idle
16.69,0.551511,0.235272,-0.240948,-0.484553,-0.136074,-0.864114,0.022211,0.014858,-0.026938,0.671131,0.229387,-0.123792,0.694003,83.0,3.0,4.0,APULL,28,Idle
16.7,0.54135,0.228328,-0.31315,-0.482137,-0.14215,-0.864487,0.001333,-0.03032,-0.009552,0.671603,0.230582,-0.120783,0.693681,83.0,3.0,4.0,APULL,28,Idle
16.71,0.438812,0.202024,-0.312121,-0.479854,-0.148039,-0.864769,0.000285,-0.039064,0.010582,0.672254,0.231735,-0.117961,0.693151,83.0,3.0,4.0,APULL,28,Idle
16.72,0.399179,0.179581,-0.265135,-0.47777,-0.152839,-0.865087,-0.005277,-0.01336,-0.053232,0.672907,0.232571,-0.115616,0.692633,83.0,3.0,4.0,APULL,28,Idle
16.73,0.570293,0.160223,-0.239444,-0.475969,-0.158223,-0.865112,-0.011793,0.034291,-0.129807,0.6733,0.23378,-0.113097,0.69226,83.0,3.0,4.0,APULL,28,Idle
16.74,0.778392,0.219677,-0.271969,-0.47393,-0.165201,-0.864927,-0.021752,0.126871,-0.137499,0.67349,0.235518,-0.109852,0.692008,83.0,3.0,4.0,APULL,28,Idle
16.75,1.14857,0.237304,-0.306771,-0.471493,-0.174874,-0.864357,-0.041157,0.164056,-0.126381,0.673479,0.23813,-0.105431,0.691812,83.0,3.0,4.0,APULL,28,Idle
16.76,1.430312,0.221402,-0.306069,-0.468897,-0.187585,-0.863103,-0.065649,0.131952,-0.110346,0.673092,0.241863,-0.099754,0.691736,83.0,3.0,4.0,APULL,28,Idle
16.77,1.772318,0.161005,-0.293222,-0.466683,-0.202746,-0.860872,-0.094123,0.097902,-0.140837,0.672284,0.24672,-0.093237,0.691715,83.0,3.0,4.0,APULL,28,Idle
16.78,2.048373,0.112704,-0.223474,-0.465022,-0.220525,-0.857393,-0.13358,0.02187,-0.102369,0.670831,0.252865,-0.085807,0.691869,83.0,3.0,4.0,APULL,28,Idle
16.79,2.05247,0.129359,-0.07346,-0.463712,-0.238971,-0.85315,-0.181766,-0.059277,-0.077438,0.668749,0.259484,-0.078059,0.692351,83.0,3.0,4.0,APULL,28,Idle
16.8,1.656797,0.109833,0.022865,-0.462591,-0.255075,-0.849085,-0.147349,-0.061071,-0.04746,0.66637,0.265338,-0.071086,0.693177,83.0,3.0,4.0,APULL,28,Idle
16.81,1.375034,0.06522,-0.10119,-0.4618,-0.267749,-0.845607,-0.050086,-0.024213,0.010097,0.664544,0.269976,-0.065645,0.693675,83.0,3.0,4.0,APULL,28,Idle
16.82,1.46797,-0.025553,-0.17596,-0.461206,-0.280539,-0.841776,0.031641,-0.113565,-0.041204,0.663091,0.27471,-0.060385,0.693685,83.0,3.0,4.0,APULL,28,Idle
16.83,0.918903,-0.134529,-0.173003,-0.461312,-0.291791,-0.837884,0.124337,-0.132983,0.135552,0.661989,0.279129,-0.056083,0.693335,83.0,3.0,4.0,APULL,28,Idle
16.84,0.31871,-0.268588,-0.184288,-0.462463,-0.297388,-0.835277,0.161636,-0.09162,0.294765,0.661731,0.281762,-0.054511,0.692641,83.0,3.0,4.0,APULL,28,Idle
16.85,0.194128,-0.381327,-0.242906,-0.46456,-0.3005,-0.832997,0.103156,-0.176688,0.323811,0.662022,0.283797,-0.054415,0.691539,83.0,3.0,4.0,APULL,28,Idle
16.86,-0.12108,-0.501875,-0.28539,-0.467465,-0.30226,-0.830732,0.044659,-0.27173,0.342512,0.662728,0.285616,-0.055295,0.690041,83.0,3.0,4.0,APULL,28,Idle
16.87,-0.579536,-0.562485,-0.299404,-0.470968,-0.300608,-0.829351,0.036566,-0.291326,0.385275,0.664134,0.286308,-0.057895,0.688188,83.0,3.0,4.0,APULL,28,Idle
16.88,-0.883252,-0.679542,-0.229166,-0.475347,-0.295804,-0.82858,0.067709,-0.255221,0.239789,0.665909,0.2861,-0.062103,0.686189,83.0,3.0,4.0,APULL,28,Idle
16.89,-1.19357,-0.824888,-0.24092,-0.480889,-0.288266,-0.828039,0.099755,-0.161701,0.167913,0.667941,0.285267,-0.067847,0.684014,83.0,3.0,4.0,APULL,28,Idle
16.9,-1.39508,-0.947739,-0.257661,-0.487547,-0.278715,-0.827415,0.056303,-0.086321,0.158211,0.670344,0.284043,-0.074914,0.68143,83.0,3.0,4.0,APULL,28,Idle
16.91,-1.562867,-1.031149,-0.235716,-0.49512,-0.267649,-0.826572,0.001895,-0.007452,0.245166,0.672897,0.282544,-0.082963,0.678598,83.0,3.0,4.0,APULL,28,Idle
16.92,-1.712868,-1.048406,-0.187868,-0.503164,-0.255151,-0.825666,-0.002085,0.12806,0.336377,0.675479,0.280628,-0.091733,0.675693,83.0,3.0,4.0,APULL,28,Idle
16.93,-1.884094,-1.061009,-0.129844,-0.511495,-0.241109,-0.824766,0.016622,0.239919,0.391279,0.678018,0.278181,-0.101154,0.672811,83.0,3.0,4.0,APULL,28,Idle
16.94,-2.089981,-1.033085,-0.132675,-0.519889,-0.225347,-0.823975,0.049476,0.25794,0.38266,0.680639,0.275023,-0.111243,0.669864,83.0,3.0,4.0,APULL,28,Idle
16.95,-2.272827,-0.936136,-0.203302,-0.527682,-0.208237,-0.823522,0.073214,0.192719,0.350057,0.68361,0.27098,-0.12169,0.666662,83.0,3.0,4.0,APULL,28,Idle
16.96,-2.557393,-0.843277,-0.202297,-0.534606,-0.189449,-0.823593,0.077041,0.090633,0.182983,0.686944,0.265805,-0.132481,0.663253,83.0,3.0,4.0,APULL,28,Idle
16.97,-2.387845,-1.019002,-0.208383,-0.541757,-0.169761,-0.823214,0.067285,-0.03196,-0.268431,0.690328,0.260269,-0.143712,0.659586,83.0,3.0,4.0,APULL,28,Idle
16.98,-1.965637,-1.335809,-0.125886,-0.551223,-0.152987,-0.820212,0.018844,-0.245588,-0.555825,0.692804,0.256841,-0.154682,0.655842,83.0,3.0,4.0,APULL,28,Idle
16.99,-2.223513,-1.475743,0.082767,-0.562852,-0.13637,-0.81523,-0.110015,-0.358305,-0.32805,0.694378,0.254416,-0.166305,0.652269,83.0,3.0,4.0,APULL,28,Idle
17.0,-2.830239,-1.29213,0.250317,-0.574494,-0.114711,-0.810431,-0.245635,-0.279073,-0.06254,0.695794,0.250002,-0.179677,0.648912,83.0,3.0,4.0,APULL,28,Idle
17.01,-2.977316,-1.065176,0.260987,-0.584207,-0.089372,-0.806669,-0.277808,-0.168593,-0.031466,0.697497,0.243274,-0.193606,0.645626,83.0,3.0,4.0,APULL,28,Idle
17.02,-2.759321,-0.971426,0.201059,-0.592562,-0.064873,-0.802908,-0.151243,-0.087471,-0.066263,0.699178,0.236277,-0.206686,0.642343,83.0,3.0,4.0,APULL,28,Idle
17.03,-2.576936,-0.917038,0.14317,-0.600206,-0.042417,-0.79872,0.021669,0.0296,-0.010881,0.70074,0.22975,-0.218757,0.639002,83.0,3.0,4.0,APULL,28,Idle
17.04,-2.233623,-0.871141,0.045652,-0.607381,-0.022515,-0.794091,0.132619,0.129541,0.018136,0.702174,0.223994,-0.229741,0.635608,83.0,3.0,4.0,APULL,28,Idle
17.05,-1.695182,-0.770851,-0.036648,-0.613962,-0.006918,-0.789305,0.154551,0.143011,0.034895,0.703392,0.219704,-0.238909,0.63237,83.0,3.0,4.0,APULL,28,Idle
17.06,-1.17117,-0.597492,-0.055691,-0.619367,0.00406,-0.785091,0.081418,0.119506,-0.006321,0.704279,0.216887,-0.245793,0.629712,83.0,3.0,4.0,APULL,28,Idle
17.07,-0.694805,-0.4009,-0.073733,-0.623339,0.010926,-0.781876,-0.030745,0.089645,-0.066833,0.704847,0.215295,-0.25042,0.627797,83.0,3.0,4.0,APULL,28,Idle
17.08,-0.465518,-0.261976,-0.121699,-0.625913,0.014707,-0.779754,-0.107821,0.070009,-0.122254,0.705343,0.214465,-0.253235,0.626394,83.0,3.0,4.0,APULL,28,Idle
17.09,-0.405213,-0.242911,-0.170658,-0.627867,0.017146,-0.778131,-0.124574,0.051976,-0.146429,0.705951,0.213905,-0.255302,0.62506,83.0,3.0,4.0,APULL,28,Idle
17.1,-0.461971,-0.302654,-0.205975,-0.63001,0.01927,-0.776348,-0.104792,0.05829,-0.146138,0.706648,0.213488,-0.257389,0.623556,83.0,3.0,4.0,APULL,28,Idle
17.11,-0.499848,-0.342275,-0.222704,-0.632604,0.021739,-0.77417,-0.074443,0.072819,-0.042602,0.707424,0.213043,-0.25986,0.621801,83.0,3.0,4.0,APULL,28,Idle
17.12,-0.410821,-0.305978,-0.204224,-0.635181,0.023921,-0.771993,-0.025753,0.024358,0.046376,0.708156,0.212715,-0.262214,0.62009,83.0,3.0,4.0,APULL,28,Idle
17.13,-0.399729,-0.27843,-0.192533,-0.637471,0.025726,-0.770045,0.043965,-0.016036,0.070643,0.708813,0.212466,-0.264265,0.618552,83.0,3.0,4.0,APULL,28,Idle
17.14,-0.486003,-0.298745,-0.194628,-0.639707,0.02791,-0.768112,0.099562,-0.024644,0.041137,0.709502,0.212025,-0.266439,0.616979,83.0,3.0,4.0,APULL,28,Idle
17.15,-0.560186,-0.376351,-0.209806,-0.642349,0.030647,-0.7658,0.096328,-0.021476,-0.014184,0.710228,0.211467,-0.269039,0.615204,83.0,3.0,4.0,APULL,28,Idle
17.16,-0.643807,-0.440405,-0.218089,-0.645555,0.033929,-0.76296,0.037202,-0.003549,-0.048914,0.710969,0.210853,-0.272141,0.613191,83.0,3.0,4.0,APULL,28,Idle
17.17,-0.606039,-0.467972,-0.226208,-0.649145,0.037296,-0.75975,-0.034678,0.013959,-0.005936,0.711694,0.210319,-0.275483,0.611038,83.0,3.0,4.0,APULL,28,Idle
17.18,-0.562956,-0.401578,-0.212537,-0.652614,0.04028,-0.756619,-0.077138,0.011813,0.041348,0.712354,0.209913,-0.278616,0.608984,83.0,3.0,4.0,APULL,28,Idle
17.19,-0.435531,-0.283286,-0.205832,-0.655299,0.042757,-0.754158,-0.042394,-0.011171,0.054513,0.713051,0.209434,-0.281173,0.607156,83.0,3.0,4.0,APULL,28,Idle
17.2,-0.299515,-0.254971,-0.182657,-0.657375,0.044154,-0.752269,0.043483,-0.034602,-0.007527,0.713636,0.209245,-0.282987,0.605688,83.0,3.0,4.0,APULL,28,Idle
17.21,-0.313916,-0.338505,-0.206805,-0.65963,0.045222,-0.750229,0.098839,0.024526,-0.082748,0.714122,0.209288,-0.284753,0.604271,83.0,3.0,4.0,APULL,28,Idle
17.22,-0.25795,-0.410637,-0.257416,-0.662584,0.045845,-0.747583,0.076616,0.081917,-0.083136,0.714583,0.209737,-0.286738,0.60263,83.0,3.0,4.0,APULL,28,Idle
17.23,-0.238326,-0.407383,-0.277576,-0.665804,0.045896,-0.744714,-0.017897,0.084582,-0.021705,0.715062,0.210489,-0.288682,0.600869,83.0,3.0,4.0,APULL,28,Idle
17.24,-0.204002,-0.336252,-0.280676,-0.66877,0.045695,-0.742064,-0.088768,0.044408,0.049147,0.715598,0.211231,-0.29043,0.599126,83.0,3.0,4.0,APULL,28,Idle
17.25,-0.075316,-0.265556,-0.224528,-0.671095,0.044967,-0.740006,-0.072969,-0.043564,0.050339,0.716074,0.212018,-0.291626,0.597697,83.0,3.0,4.0,APULL,28,Idle
17.26,-0.153131,-0.297475,-0.168859,-0.673209,0.044404,-0.738118,0.005103,-0.067872,-0.016078,0.71635,0.212765,-0.292698,0.596575,83.0,3.0,4.0,APULL,28,Idle
17.27,-0.330412,-0.400709,-0.179071,-0.675893,0.045043,-0.735622,0.061498,-0.003326,-0.04752,0.716599,0.213199,-0.294508,0.595229,83.0,3.0,4.0,APULL,28,Idle
17.28,-0.54017,-0.412293,-0.239195,-0.679038,0.046843,-0.732607,0.055198,0.021531,0.014437,0.717061,0.213178,-0.297072,0.593403,83.0,3.0,4.0,APULL,28,Idle
17.29,-0.520628,-0.429492,-0.331766,-0.682216,0.048928,-0.729512,0.010081,0.004676,-0.038676,0.71788,0.212855,-0.299894,0.591104,83.0,3.0,4.0,APULL,28,Idle
17.3,-0.447295,-0.434429,-0.341993,-0.685599,0.050036,-0.726258,-0.021203,-0.023653,0.015732,0.718739,0.212967,-0.302517,0.588679,83.0,3.0,4.0,APULL,28,Idle
17.31,-0.34051,-0.350061,-0.310313,-0.688629,0.050738,-0.723337,-0.040711,-0.019183,0.058237,0.719534,0.213161,-0.304785,0.586464,83.0,3.0,4.0,APULL,28,Idle
17.32,-0.145352,-0.233586,-0.298525,-0.690891,0.050405,-0.721199,0.006779,-0.064458,0.06707,0.720226,0.213608,-0.306222,0.584701,83.0,3.0,4.0,APULL,28,Idle
17.33,-0.099499,-0.215321,-0.310032,-0.692631,0.049115,-0.719618,0.074345,-0.080808,0.02159,0.720895,0.214311,-0.30702,0.583198,83.0,3.0,4.0,APULL,28,Idle
17.34,-0.217748,-0.242328,-0.343538,-0.694446,0.047934,-0.717946,0.092686,-0.043265,-0.010371,0.721652,0.214942,-0.30794,0.581542,83.0,3.0,4.0,APULL,28,Idle
17.35,-0.258127,-0.235571,-0.399463,-0.696328,0.047136,-0.716175,0.019844,0.012572,-0.085308,0.722632,0.215306,-0.309122,0.579561,83.0,3.0,4.0,APULL,28,Idle
17.36,-0.108091,-0.14245,-0.440946,-0.697957,0.045524,-0.714692,-0.079952,0.041237,-0.05458,0.723756,0.215859,-0.309934,0.577515,83.0,3.0,4.0,APULL,28,Idle
17.37,0.219613,0.066157,-0.451658,-0.698433,0.04211,-0.714436,-0.11718,0.04369,-0.025814,0.724947,0.216809,-0.309477,0.575908,83.0,3.0,4.0,APULL,28,Idle
17.38,0.61493,0.197869,-0.415349,-0.697627,0.035996,-0.715556,-0.050801,0.032486,-0.043431,0.725948,0.218645,-0.307272,0.575133,83.0,3.0,4.0,APULL,28,Idle
17.39,0.766543,0.251298,-0.366717,-0.696093,0.028245,-0.717396,0.041339,0.061629,-0.075146,0.726644,0.221129,-0.30398,0.575053,83.0,3.0,4.0,APULL,28,Idle
17.4,1.0058,0.279514,-0.420383,-0.694303,0.019248,-0.719426,0.072919,0.108742,-0.096172,0.727178,0.224149,-0.300074,0.575261,83.0,3.0,4.0,APULL,28,Idle
17.41,1.251728,0.35347,-0.479372,-0.69212,0.007883,-0.72174,0.040569,0.127203,-0.087632,0.727651,0.22808,-0.295143,0.575669,83.0,3.0,4.0,APULL,28,Idle
17.42,1.414721,0.466061,-0.467829,-0.689149,-0.005101,-0.724602,-0.014678,0.125508,-0.054436,0.728089,0.232465,-0.289239,0.576357,83.0,3.0,4.0,APULL,28,Idle
17.43,1.439161,0.542211,-0.4258,-0.685388,-0.018581,-0.727941,-0.034628,0.07188,-0.057948,0.728405,0.236861,-0.282713,0.577405,83.0,3.0,4.0,APULL,28,Idle
17.44,1.468125,0.542942,-0.437208,-0.681314,-0.032147,-0.731285,-0.04595,-0.005893,-0.087059,0.728673,0.241193,-0.276013,0.578514,83.0,3.0,4.0,APULL,28,Idle
17.45,1.587681,0.569776,-0.459698,-0.677053,-0.046436,-0.734468,-0.065425,-0.052991,-0.164641,0.728879,0.245773,-0.269001,0.579629,83.0,3.0,4.0,APULL,28,Idle
17.46,1.53731,0.573653,-0.484925,-0.672579,-0.061205,-0.73749,-0.076765,-0.030027,-0.189665,0.729045,0.250478,-0.261756,0.580722,83.0,3.0,4.0,APULL,28,Idle
17.47,1.510957,0.483904,-0.598209,-0.668293,-0.076008,-0.740004,-0.100139,0.021183,-0.311524,0.72937,0.255161,-0.254736,0.581397,83.0,3.0,4.0,APULL,28,Idle
17.48,1.626814,0.331476,-0.748385,-0.66466,-0.092159,-0.74144,-0.126325,0.036083,-0.462036,0.729838,0.260538,-0.24779,0.581426,83.0,3.0,4.0,APULL,28,Idle
17.49,1.585577,0.270047,-0.785706,-0.66177,-0.109471,-0.741671,-0.070072,-0.024517,-0.250471,0.730293,0.266643,-0.240969,0.580954,83.0,3.0,4.0,APULL,28,Idle
17.5,0.868257,0.415178,-0.732873,-0.658429,-0.123914,-0.742372,-0.010989,-0.111499,0.096162,0.731178,0.271231,-0.235048,0.580142,83.0,3.0,4.0,APULL,28,Idle
17.51,0.009701,0.607357,-0.749651,-0.653596,-0.131869,-0.745267,-0.008346,-0.201322,0.226011,0.733352,0.27211,-0.230916,0.578644,83.0,3.0,4.0,APULL,28,Idle
17.52,-0.416532,0.553494,-0.7898,-0.648045,-0.135201,-0.749505,-0.020686,-0.313591,0.107217,0.736592,0.270415,-0.228305,0.576355,83.0,3.0,4.0,APULL,28,Idle
17.53,-0.430491,0.404911,-0.669969,-0.643473,-0.13679,-0.753147,-0.01972,-0.32285,-0.06924,0.739857,0.268315,-0.226789,0.573747,83.0,3.0,4.0,APULL,28,Idle
17.54,-0.61533,0.257492,-0.445898,-0.640255,-0.136509,-0.755936,0.005016,-0.145641,-0.059844,0.742499,0.266121,-0.226299,0.571545,83.0,3.0,4.0,APULL,28,Idle
17.55,-0.755422,0.194701,-0.357927,-0.63809,-0.133638,-0.758275,-0.031999,0.10158,0.121114,0.744783,0.263317,-0.226995,0.569593,83.0,3.0,4.0,APULL,28,Idle
17.56,-0.586637,0.274667,-0.503334,-0.635809,-0.1312,-0.760614,-0.093591,0.264318,0.169915,0.747159,0.26062,-0.227531,0.567504,83.0,3.0,4.0,APULL,28,Idle
17.57,-0.474574,0.323895,-0.606076,-0.632735,-0.130783,-0.763245,-0.058565,0.258591,0.213288,0.749782,0.258432,-0.227135,0.565199,83.0,3.0,4.0,APULL,28,Idle
17.58,-0.517835,0.221378,-0.608644,-0.629801,-0.131,-0.76563,0.007014,0.071597,0.203191,0.752445,0.256546,-0.226648,0.562709,83.0,3.0,4.0,APULL,28,Idle
17.59,-0.750521,0.045189,-0.582243,-0.627995,-0.129925,-0.767295,0.069447,-0.142429,0.268287,0.755066,0.254477,-0.227143,0.559931,83.0,3.0,4.0,APULL,28,Idle
17.6,-0.951474,-0.220912,-0.568705,-0.6278,-0.127087,-0.76793,0.10569,-0.245868,0.336793,0.757701,0.252135,-0.229048,0.556646,83.0,3.0,4.0,APULL,28,Idle
17.61,-1.351554,-0.519786,-0.462004,-0.63014,-0.121565,-0.766906,0.12924,-0.131624,0.307251,0.760128,0.249468,-0.23305,0.552865,83.0,3.0,4.0,APULL,28,Idle
17.62,-1.606571,-0.516393,-0.408453,-0.633772,-0.112773,-0.765255,0.160735,0.123042,0.500149,0.762518,0.245751,-0.238703,0.548811,83.0,3.0,4.0,APULL,28,Idle
17.63,-1.178151,-0.382798,-0.554232,-0.636724,-0.104662,-0.763956,0.164022,0.357012,0.602792,0.765031,0.242012,-0.243829,0.544706,83.0,3.0,4.0,APULL,28,Idle
17.64,-0.262098,-0.338682,-0.759955,-0.638759,-0.103473,-0.762417,0.150661,0.504306,0.448315,0.767247,0.241075,-0.246321,0.54087,83.0,3.0,4.0,APULL,28,Idle
17.65,0.188878,-0.210936,-0.806055,-0.640105,-0.108551,-0.76058,0.149626,0.591385,0.60343,0.769058,0.242817,-0.246475,0.537438,83.0,3.0,4.0,APULL,28,Idle
17.66,0.40448,-0.181812,-0.723148,-0.640596,-0.115728,-0.759108,0.10904,0.554448,0.521055,0.770522,0.245388,-0.24542,0.534649,83.0,3.0,4.0,APULL,28,Idle
17.67,0.806435,-0.439281,-0.709967,-0.64198,-0.124696,-0.756513,0.034299,0.372224,0.037702,0.771363,0.249277,-0.24414,0.532218,83.0,3.0,4.0,APULL,28,Idle
17.68,1.349145,-0.738379,-0.586208,-0.645594,-0.137304,-0.751236,-0.032873,-0.011179,-0.437316,0.770989,0.255936,-0.242649,0.530277,83.0,3.0,4.0,APULL,28,Idle
17.69,0.930701,-0.956468,-0.298455,-0.651317,-0.149369,-0.743959,-0.043156,-0.449172,-0.461043,0.769565,0.263446,-0.242108,0.528914,83.0,3.0,4.0,APULL,28,Idle
17.7,-0.54856,-1.103409,-0.072315,-0.658716,-0.152181,-0.736841,-0.007589,-0.709788,-0.218924,0.768472,0.267254,-0.245265,0.527134,83.0,3.0,4.0,APULL,28,Idle
17.71,-1.87827,-1.260013,0.029866,-0.667409,-0.143098,-0.730813,0.068044,-0.80342,-0.047843,0.768706,0.265582,-0.2531,0.523926,83.0,3.0,4.0,APULL,28,Idle
17.72,-2.715296,-1.309923,0.054766,-0.676937,-0.125862,-0.7252,0.119869,-0.657982,-0.011418,0.769962,0.259969,-0.264227,0.519383,83.0,3.0,4.0,APULL,28,Idle
17.73,-3.013758,-1.158734,-0.004156,-0.686011,-0.104585,-0.720035,0.079795,-0.236312,0.024616,0.771928,0.251918,-0.276622,0.51395,83.0,3.0,4.0,APULL,28,Idle
17.74,-2.467251,-0.883228,-0.086208,-0.693275,-0.084864,-0.715659,-0.000893,0.111781,-0.063562,0.774078,0.243792,-0.287639,0.50856,83.0,3.0,4.0,APULL,28,Idle
17.75,-1.720551,-0.715386,-0.086857,-0.69886,-0.070619,-0.711764,-0.076851,0.331865,-0.187025,0.775669,0.23785,-0.295881,0.504202,83.0,3.0,4.0,APULL,28,Idle
17.76,-0.95232,-0.594512,0.019482,-0.703491,-0.061306,-0.708055,-0.138321,0.430523,-0.243636,0.776381,0.234318,-0.301774,0.501259,83.0,3.0,4.0,APULL,28,Idle
17.77,-0.368235,-0.470194,0.127934,-0.707336,-0.056301,-0.704632,-0.170792,0.343456,-0.166172,0.776103,0.2331,-0.30553,0.49998,83.0,3.0,4.0,APULL,28,Idle
17.78,-0.165536,-0.309955,0.147728,-0.710132,-0.053525,-0.702031,-0.14671,0.224393,-0.084194,0.775445,0.232874,-0.307822,0.4997,83.0,3.0,4.0,APULL,28,Idle
17.79,-0.111208,-0.228014,0.146262,-0.712083,-0.051578,-0.700199,-0.05812,0.093051,-0.070111,0.774828,0.232808,-0.309356,0.49974,83.0,3.0,4.0,APULL,28,Idle
17.8,-0.136893,-0.157031,0.22523,-0.713542,-0.049413,-0.698867,-0.001118,-0.007487,-0.08963,0.774203,0.232542,-0.310629,0.500044,83.0,3.0,4.0,APULL,28,Idle
17.81,-0.10798,-0.060656,0.297034,-0.714432,-0.046633,-0.698149,-0.000198,-0.016706,-0.083101,0.773529,0.231904,-0.311683,0.500727,83.0,3.0,4.0,APULL,28,Idle
17.82,-0.006463,0.048808,0.380544,-0.714621,-0.043808,-0.698139,0.004385,-0.008072,-0.047909,0.772738,0.231165,-0.312239,0.501942,83.0,3.0,4.0,APULL,28,Idle
17.83,0.120249,0.057387,0.41799,-0.7144,-0.041312,-0.698518,0.017912,0.020972,-0.069518,0.771752,0.230604,-0.312351,0.503644,83.0,3.0,4.0,APULL,28,Idle
17.84,0.261658,0.118824,0.46721,-0.713994,-0.039538,-0.699035,0.021687,0.005328,-0.000443,0.77055,0.23046,-0.312043,0.505737,83.0,3.0,4.0,APULL,28,Idle
17.85,0.27346,0.201326,0.542977,-0.713047,-0.037969,-0.700087,0.029682,-0.031809,0.009505,0.769192,0.230376,-0.31126,0.508318,83.0,3.0,4.0,APULL,28,Idle
17.86,0.135077,0.219273,0.572148,-0.711752,-0.035361,-0.70154,0.022924,0.008567,-0.057554,0.767852,0.22973,-0.310571,0.511052,83.0,3.0,4.0,APULL,28,Idle
17.87,0.142461,0.203856,0.575156,-0.710474,-0.032178,-0.702987,-0.009039,0.040143,-0.057816,0.766562,0.228792,-0.310098,0.513688,83.0,3.0,4.0,APULL,28,Idle
17.88,0.260429,0.245981,0.61362,-0.709104,-0.029353,-0.704493,-0.032168,0.017284,-0.009572,0.765144,0.228062,-0.30942,0.516527,83.0,3.0,4.0,APULL,28,Idle
17.89,0.314642,0.336436,0.683269,-0.707245,-0.026872,-0.706457,-0.026077,-0.006591,0.051871,0.763565,0.227459,-0.308276,0.519805,83.0,3.0,4.0,APULL,28,Idle
17.9,0.203643,0.38606,0.733616,-0.704829,-0.023726,-0.708981,-0.004476,-0.002107,0.012371,0.761971,0.22642,-0.306991,0.523345,83.0,3.0,4.0,APULL,28,Idle
17.91,0.102002,0.356667,0.753202,-0.702322,-0.019514,-0.711592,-0.003168,0.025175,-0.073656,0.760433,0.22484,-0.306024,0.526818,83.0,3.0,4.0,APULL,28,Idle
17.92,0.092598,0.259369,0.753079,-0.700238,-0.014881,-0.713755,-0.035404,0.057071,-0.12026,0.758804,0.223221,-0.305443,0.530183,83.0,3.0,4.0,APULL,28,Idle
17.93,0.183259,0.294535,0.773732,-0.698466,-0.01047,-0.715566,-0.039281,0.06473,0.0026,0.757049,0.221841,-0.304965,0.533535,83.0,3.0,4.0,APULL,28,Idle
17.94,0.419887,0.415202,0.849865,-0.695978,-0.00695,-0.718029,-0.016592,-0.022881,0.029904,0.755085,0.22078,-0.303712,0.537458,83.0,3.0,4.0,APULL,28,Idle
17.95,0.541384,0.444747,0.950003,-0.692915,-0.00432,-0.721006,0.051924,-0.076521,0.017546,0.752749,0.220151,-0.301712,0.5421,83.0,3.0,4.0,APULL,28,Idle
17.96,0.402503,0.418889,1.029173,-0.689806,-0.000898,-0.723994,0.082887,-0.026492,0.047083,0.750174,0.219267,-0.299875,0.547025,83.0,3.0,4.0,APULL,28,Idle
17.97,0.322405,0.390055,1.029509,-0.686847,0.003674,-0.726793,0.040576,0.050967,-0.013136,0.747545,0.217925,-0.298517,0.551881,83.0,3.0,4.0,APULL,28,Idle
17.98,0.372202,0.37135,0.958492,-0.683966,0.008033,-0.72947,-0.019007,0.070107,-0.051658,0.745002,0.216627,-0.297216,0.556513,83.0,3.0,4.0,APULL,28,Idle
17.99,0.557441,0.316443,0.928186,-0.681398,0.01103,-0.73183,-0.065993,0.050219,-0.053585,0.742374,0.216027,-0.295664,0.561067,83.0,3.0,4.0,APULL,28,Idle
18.0,0.55735,0.352067,0.98951,-0.678844,0.013373,-0.734161,-0.065053,0.035592,0.028732,0.739555,0.215785,-0.293864,0.565809,83.0,3.0,4.0,APULL,28,Idle
18.01,0.580109,0.389813,1.035278,-0.675939,0.016152,-0.73678,-0.025355,0.014014,0.087717,0.736611,0.215293,-0.291991,0.570784,83.0,3.0,4.0,APULL,28,Idle
18.02,0.668823,0.463185,1.040156,-0.672667,0.01854,-0.739713,0.021727,-0.038544,0.102918,0.73356,0.214885,-0.289772,0.575974,83.0,3.0,4.0,APULL,28,Idle
18.03,0.678854,0.544004,1.04828,-0.668657,0.020488,-0.743289,0.06183,-0.063472,0.066943,0.73054,0.214393,-0.287038,0.58134,83.0,3.0,4.0,APULL,28,Idle
18.04,0.603735,0.461369,1.032639,-0.664655,0.022618,-0.746808,0.069211,-0.020299,-0.0293,0.727512,0.213789,-0.284412,0.586627,83.0,3.0,4.0,APULL,28,Idle
18.05,0.547085,0.350493,0.971989,-0.661395,0.025034,-0.74962,0.027728,0.044898,-0.062834,0.724516,0.213238,-0.282346,0.591513,83.0,3.0,4.0,APULL,28,Idle
18.06,0.628055,0.296481,0.892723,-0.658731,0.026778,-0.751902,-0.043555,0.065369,-0.056158,0.721564,0.213097,-0.280426,0.596067,83.0,3.0,4.0,APULL,28,Idle
18.07,0.700907,0.318809,0.836155,-0.656247,0.027436,-0.754047,-0.071536,0.051299,0.025379,0.718697,0.213394,-0.27828,0.600415,83.0,3.0,4.0,APULL,28,Idle
18.08,0.803731,0.396309,0.876622,-0.653316,0.027328,-0.756592,-0.063313,-0.012604,0.065124,0.715825,0.213835,-0.275642,0.604889,83.0,3.0,4.0,APULL,28,Idle
18.09,0.779396,0.41984,0.931175,-0.649876,0.027161,-0.759555,-0.019146,-0.024216,0.016116,0.71278,0.214181,-0.27267,0.60969,83.0,3.0,4.0,APULL,28,Idle
18.1,0.686544,0.324778,0.866546,-0.646787,0.027451,-0.762177,0.033795,0.019973,-0.015548,0.709722,0.214421,-0.270065,0.614315,83.0,3.0,4.0,APULL,28,Idle
18.11,0.57406,0.28451,0.729086,-0.644265,0.027811,-0.764297,0.045372,0.015219,0.00682,0.706973,0.214652,-0.267911,0.618335,83.0,3.0,4.0,APULL,28,Idle
18.12,0.490479,0.264736,0.636821,-0.641979,0.028131,-0.766206,0.015316,-0.031671,0.011033,0.704664,0.214764,-0.266033,0.621732,83.0,3.0,4.0,APULL,28,Idle
18.13,0.386646,0.266342,0.647467,-0.639761,0.028807,-0.768034,-0.007776,-0.077208,0.020079,0.702548,0.214656,-0.264397,0.624855,83.0,3.0,4.0,APULL,28,Idle
18.14,0.285316,0.20177,0.684755,-0.637777,0.030549,-0.769615,-0.013346,-0.065171,0.01725,0.700408,0.2142,-0.263269,0.627883,83.0,3.0,4.0,APULL,28,Idle
18.15,0.249091,0.198641,0.659207,-0.636025,0.032826,-0.77097,0.006768,-0.016697,0.041447,0.698247,0.213611,-0.26246,0.630822,83.0,3.0,4.0,APULL,28,Idle
18.16,0.355098,0.24514,0.576124,-0.634113,0.034513,-0.77247,0.027774,0.022235,0.055109,0.696276,0.213113,-0.261434,0.633589,83.0,3.0,4.0,APULL,28,Idle
18.17,0.554618,0.29432,0.547836,-0.63182,0.034444,-0.77435,0.024169,0.02122,0.007565,0.694369,0.213139,-0.259609,0.636417,83.0,3.0,4.0,APULL,28,Idle
18.18,0.58408,0.287441,0.573332,-0.629345,0.033471,-0.776405,0.009152,0.053703,-0.037942,0.69234,0.213492,-0.257331,0.639428,83.0,3.0,4.0,APULL,28,Idle
18.19,0.541678,0.316437,0.570529,-0.626812,0.032735,-0.778482,-0.006092,0.075466,-0.030325,0.690282,0.213724,-0.255109,0.642458,83.0,3.0,4.0,APULL,28,Idle
18.2,0.585235,0.364075,0.535022,-0.623968,0.031787,-0.780803,-0.032755,0.034589,-0.070714,0.688321,0.213873,-0.252699,0.645458,83.0,3.0,4.0,APULL,28,Idle
18.21,0.359609,0.349799,0.4621,-0.620988,0.03108,-0.783203,-0.031004,0.012835,-0.056091,0.68662,0.213762,-0.250408,0.648194,83.0,3.0,4.0,APULL,28,Idle
18.22,0.038324,0.387449,0.40091,-0.618026,0.032181,-0.785498,-0.009125,-0.024231,0.026465,0.685468,0.212736,-0.248986,0.650294,83.0,3.0,4.0,APULL,28,Idle
18.23,-0.090364,0.37871,0.418926,-0.614815,0.034999,-0.787894,0.0066,-0.103755,0.016746,0.684686,0.210817,-0.248212,0.652037,83.0,3.0,4.0,APULL,28,Idle
18.24,-0.084983,0.31088,0.473568,-0.611918,0.038441,-0.789986,0.03567,-0.100666,0.035195,0.68376,0.208824,-0.247789,0.653809,83.0,3.0,4.0,APULL,28,Idle
18.25,0.091849,0.297133,0.542505,-0.609404,0.041582,-0.791769,0.048231,-0.016939,0.089956,0.682466,0.207221,-0.247336,0.655838,83.0,3.0,4.0,APULL,28,Idle
18.26,0.251129,0.336398,0.558471,-0.606592,0.043588,-0.793818,0.033685,0.069205,0.065851,0.680856,0.206061,-0.246232,0.658289,83.0,3.0,4.0,APULL,28,Idle
18.27,0.411956,0.290286,0.470202,-0.603834,0.044054,-0.795892,0.027647,0.134321,0.006143,0.679197,0.205515,-0.244576,0.660785,83.0,3.0,4.0,APULL,28,Idle
18.28,0.564839,0.211387,0.379753,-0.60167,0.042693,-0.797603,0.038514,0.107469,0.001857,0.677597,0.205842,-0.242544,0.663071,83.0,3.0,4.0,APULL,28,Idle
18.29,0.595522,0.177566,0.367172,-0.599972,0.040189,-0.799011,0.049908,0.023746,0.033478,0.675986,0.206758,-0.240303,0.665243,83.0,3.0,4.0,APULL,28,Idle
18.3,0.383394,0.096756,0.381084,-0.598669,0.038403,-0.800075,0.055289,-0.036816,0.048458,0.674385,0.207532,-0.238522,0.667265,83.0,3.0,4.0,APULL,28,Idle
18.31,0.063435,-0.021268,0.332369,-0.598249,0.038804,-0.80037,0.062864,-0.046616,0.067949,0.672986,0.207727,-0.238042,0.668786,83.0,3.0,4.0,APULL,28,Idle
18.32,-0.137236,-0.101,0.231222,-0.598672,0.040882,-0.799951,0.075173,-0.060092,0.099893,0.672007,0.207453,-0.238721,0.669613,83.0,3.0,4.0,APULL,28,Idle
18.33,-0.241708,-0.033802,0.187981,-0.599205,0.043595,-0.799408,0.08799,-0.090165,0.125458,0.671422,0.206843,-0.239817,0.669997,83.0,3.0,4.0,APULL,28,Idle
18.34,-0.356934,-0.053661,0.187821,-0.59937,0.047167,-0.799082,0.041524,-0.075563,-0.001501,0.671069,0.205695,-0.24114,0.670229,83.0,3.0,4.0,APULL,28,Idle
18.35,-0.264218,-0.186785,0.182524,-0.600265,0.050853,-0.798183,-0.032594,-0.024119,-0.106831,0.670633,0.204802,-0.242826,0.67033,83.0,3.0,4.0,APULL,28,Idle
18.36,-0.137303,-0.154337,0.194313,-0.601653,0.053539,-0.796961,-0.084703,0.010655,-0.078512,0.669973,0.204545,-0.244296,0.670535,83.0,3.0,4.0,APULL,28,Idle
18.37,0.022675,-0.044149,0.166669,-0.602344,0.055179,-0.796327,-0.083692,0.042965,-0.071455,0.669293,0.204433,-0.245038,0.670977,83.0,3.0,4.0,APULL,28,Idle
18.38,0.251437,0.040307,0.090232,-0.602303,0.054824,-0.796383,-0.017524,0.043,-0.06934,0.668724,0.204758,-0.24471,0.671565,83.0,3.0,4.0,APULL,28,Idle
18.39,0.455647,0.159692,0.057278,-0.601493,0.052463,-0.797154,0.029044,0.044949,-0.090755,0.668227,0.205522,-0.243278,0.672346,83.0,3.0,4.0,APULL,28,Idle
18.4,0.699044,0.251543,-0.010372,-0.599789,0.048,-0.798717,0.046444,0.075336,-0.181202,0.667802,0.20671,-0.24065,0.673349,83.0,3.0,4.0,APULL,28,Idle
18.41,0.947514,0.236886,-0.146989,-0.597861,0.040958,-0.800553,0.060614,0.155437,-0.243545,0.667491,0.208725,-0.236975,0.674338,83.0,3.0,4.0,APULL,28,Idle
18.42,1.268595,0.294151,-0.351159,-0.595872,0.030635,-0.802495,0.063249,0.250722,-0.24052,0.667462,0.211827,-0.232125,0.675086,83.0,3.0,4.0,APULL,28,Idle
18.43,1.709236,0.377957,-0.613058,-0.593284,0.015878,-0.804837,0.032524,0.316733,-0.233417,0.667897,0.216181,-0.225494,0.675523,83.0,3.0,4.0,APULL,28,Idle
18.44,2.321196,0.440388,-0.768224,-0.590005,-0.004493,-0.807387,-0.031958,0.240974,-0.225709,0.668522,0.222287,-0.216553,0.675849,83.0,3.0,4.0,APULL,28,Idle
18.45,2.767452,0.460935,-0.718664,-0.586196,-0.02986,-0.809619,-0.119416,0.048262,-0.215878,0.668625,0.230197,-0.205426,0.676573,83.0,3.0,4.0,APULL,28,Idle
18.46,2.704921,0.433554,-0.601505,-0.582291,-0.056089,-0.811043,-0.17337,-0.123233,-0.161339,0.668073,0.238568,-0.193814,0.677643,83.0,3.0,4.0,APULL,28,Idle
18.47,2.193904,0.461978,-0.535683,-0.578289,-0.079492,-0.81195,-0.196141,-0.272147,-0.080048,0.667384,0.245873,-0.183224,0.678656,83.0,3.0,4.0,APULL,28,Idle
18.48,1.608481,0.475168,-0.652887,-0.573931,-0.098144,-0.813001,-0.164381,-0.355943,-0.057101,0.667459,0.251069,-0.174539,0.678969,83.0,3.0,4.0,APULL,28,Idle
18.49,1.382108,0.393463,-0.771676,-0.569583,-0.114437,-0.813928,-0.065228,-0.403065,-0.065756,0.66839,0.255187,-0.16708,0.678395,83.0,3.0,4.0,APULL,28,Idle
18.5,0.862936,0.238664,-0.820207,-0.566027,-0.128271,-0.814346,0.063067,-0.338831,0.05362,0.669888,0.258587,-0.161119,0.67707,83.0,3.0,4.0,APULL,28,Idle
18.51,0.367522,0.163753,-0.879143,-0.563327,-0.137996,-0.814628,0.107151,-0.2235,0.208275,0.672133,0.260641,-0.157328,0.674945,83.0,3.0,4.0,APULL,28,Idle
18.52,0.183237,0.114425,-0.910239,-0.560891,-0.145103,-0.815075,0.065163,-0.2024,0.252407,0.674961,0.261706,-0.15483,0.672284,83.0,3.0,4.0,APULL,28,Idle
18.53,0.10084,-0.009355,-0.883692,-0.559158,-0.15143,-0.815114,0.045563,-0.195234,0.261266,0.677801,0.262771,-0.152952,0.669434,83.0,3.0,4.0,APULL,28,Idle
18.54,-0.126967,-0.196731,-0.837898,-0.558608,-0.156202,-0.81459,0.028106,-0.104708,0.271667,0.680625,0.263725,-0.152164,0.666367,83.0,3.0,4.0,APULL,28,Idle
18.55,-0.41227,-0.414492,-0.836341,-0.559853,-0.158443,-0.813302,0.036904,-0.007572,0.342904,0.68354,0.264393,-0.153119,0.66289,83.0,3.0,4.0,APULL,28,Idle
18.56,-0.446504,-0.66772,-0.866914,-0.562848,-0.159799,-0.810967,0.044522,0.061944,0.288979,0.686487,0.265377,-0.155214,0.658953,83.0,3.0,4.0,APULL,28,Idle
18.57,-0.468943,-0.944567,-0.856338,-0.568043,-0.160914,-0.807114,0.029545,0.142832,0.222428,0.689329,0.267118,-0.158401,0.65451,83.0,3.0,4.0,APULL,28,Idle
18.58,-0.464718,-1.067295,-0.793593,-0.574895,-0.161965,-0.802037,0.032994,0.161172,0.274998,0.691828,0.269521,-0.162297,0.649917,83.0,3.0,4.0,APULL,28,Idle
18.59,-0.415114,-1.087982,-0.821826,-0.582227,-0.163082,-0.796503,0.052045,0.107906,0.350061,0.694145,0.272148,-0.166386,0.645301,83.0,3.0,4.0,APULL,28,Idle
18.6,-0.532894,-1.10839,-0.85303,-0.589589,-0.164407,-0.790794,0.085697,-0.058966,0.3937,0.696541,0.274818,-0.170523,0.64049,83.0,3.0,4.0,APULL,28,Idle
18.61,-0.960019,-1.219741,-0.834408,-0.597352,-0.163627,-0.785109,0.12993,-0.191597,0.34178,0.699245,0.276686,-0.175756,0.635303,83.0,3.0,4.0,APULL,28,Idle
18.62,-1.322507,-1.33113,-0.793218,-0.606049,-0.159456,-0.779281,0.143128,-0.187667,0.251372,0.702289,0.277398,-0.182784,0.629627,83.0,3.0,4.0,APULL,28,Idle
18.63,-1.540187,-1.383,-0.737718,-0.615416,-0.153009,-0.773209,0.089857,-0.138891,0.189285,0.705411,0.277333,-0.191004,0.623699,83.0,3.0,4.0,APULL,28,Idle
18.64,-1.746592,-1.411765,-0.696455,-0.625131,-0.144745,-0.766982,-0.006324,-0.039368,0.225386,0.708552,0.276544,-0.200082,0.617613,83.0,3.0,4.0,APULL,28,Idle
18.65,-1.793013,-1.254881,-0.672882,-0.634563,-0.135407,-0.760917,-0.069386,0.141052,0.388649,0.71173,0.275079,-0.209459,0.611473,83.0,3.0,4.0,APULL,28,Idle
18.66,-1.629825,-0.920729,-0.696741,-0.641982,-0.126745,-0.756171,-0.086564,0.341268,0.408957,0.714975,0.273026,-0.217649,0.60572,83.0,3.0,4.0,APULL,28,Idle
18.67,-1.507978,-0.587281,-0.846782,-0.646738,-0.11987,-0.753234,-0.029517,0.480725,0.444534,0.718595,0.270534,-0.224041,0.600198,83.0,3.0,4.0,APULL,28,Idle
18.68,-1.5801,-0.320349,-1.057225,-0.648987,-0.114623,-0.752116,0.016739,0.56877,0.469981,0.722975,0.26748,-0.228903,0.594445,83.0,3.0,4.0,APULL,28,Idle
18.69,-1.660525,-0.318382,-1.279028,-0.649967,-0.109767,-0.751993,-0.025128,0.560955,0.123835,0.728294,0.26372,-0.233356,0.587865,83.0,3.0,4.0,APULL,28,Idle
18.7,-1.074198,-0.561211,-1.362112,-0.651753,-0.107945,-0.750711,-0.091061,0.143788,-0.504187,0.733542,0.26143,-0.237274,0.580751,83.0,3.0,4.0,APULL,28,Idle
18.71,-0.684934,-0.836063,-0.956651,-0.655716,-0.109726,-0.746992,-0.08931,-0.478012,-0.752123,0.737216,0.261923,-0.240626,0.574464,83.0,3.0,4.0,APULL,28,Idle
18.72,-1.765122,-1.028638,-0.316582,-0.662041,-0.105326,-0.74203,-0.034126,-0.758184,-0.462484,0.73939,0.261133,-0.246565,0.569489,83.0,3.0,4.0,APULL,28,Idle
18.73,-3.098902,-1.157696,-0.011595,-0.670085,-0.087957,-0.737055,0.005793,-0.62678,-0.14031,0.741562,0.255294,-0.257482,0.564458,83.0,3.0,4.0,APULL,28,Idle
18.74,-3.617753,-1.127107,-0.157696,-0.678515,-0.063243,-0.73186,-0.006178,-0.316274,-0.116972,0.74451,0.245898,-0.271302,0.558242,83.0,3.0,4.0,APULL,28,Idle
18.75,-3.223822,-0.861751,-0.457614,-0.685722,-0.039998,-0.726764,-0.066323,0.037816,-0.114545,0.74817,0.236149,-0.284345,0.551021,83.0,3.0,4.0,APULL,28,Idle
18.76,-2.167926,-0.423982,-0.595351,-0.690263,-0.024005,-0.72316,-0.104216,0.318134,-0.098938,0.751874,0.228511,-0.293603,0.544304,83.0,3.0,4.0,APULL,28,Idle
18.77,-0.85314,-0.03123,-0.545951,-0.691772,-0.016994,-0.721916,-0.093492,0.466838,-0.142006,0.754846,0.224231,-0.29793,0.539598,83.0,3.0,4.0,APULL,28,Idle
18.78,0.358996,0.162178,-0.414035,-0.69112,-0.018781,-0.722496,-0.051327,0.442349,-0.233925,0.756503,0.223927,-0.297672,0.537542,83.0,3.0,4.0,APULL,28,Idle
18.79,0.920896,0.228403,-0.292943,-0.68958,-0.026124,-0.723738,-0.014949,0.317033,-0.240434,0.756983,0.226477,-0.294685,0.537444,83.0,3.0,4.0,APULL,28,Idle
18.8,0.893583,0.222805,-0.220496,-0.687862,-0.034763,-0.725008,-0.030461,0.137454,-0.176877,0.756926,0.229832,-0.290986,0.538115,83.0,3.0,4.0,APULL,28,Idle
18.81,0.38289,0.188334,-0.186583,-0.686265,-0.040895,-0.726201,-0.063415,-0.008177,-0.125514,0.757001,0.232044,-0.288193,0.538563,83.0,3.0,4.0,APULL,28,Idle
18.82,-0.212471,0.160233,-0.19627,-0.684922,-0.042755,-0.727361,-0.051238,-0.076584,-0.028117,0.75768,0.232136,-0.287111,0.538146,83.0,3.0,4.0,APULL,28,Idle
18.83,-0.48466,0.075889,-0.16329,-0.683976,-0.041302,-0.728335,-0.021453,-0.101016,0.004565,0.758768,0.230672,-0.287443,0.537064,83.0,3.0,4.0,APULL,28,Idle
18.84,-0.418627,0.081034,-0.034337,-0.68342,-0.038661,-0.729001,0.024789,-0.074437,0.073392,0.759684,0.228882,-0.288292,0.536079,83.0,3.0,4.0,APULL,28,Idle
18.85,-0.338839,0.085824,0.094397,-0.682789,-0.035629,-0.729747,0.06673,0.052871,0.035334,0.760154,0.22714,-0.289023,0.535761,83.0,3.0,4.0,APULL,28,Idle
18.86,-0.072317,0.058756,0.145213,-0.682327,-0.03322,-0.730292,0.075225,0.163636,0.015204,0.760181,0.225953,-0.289481,0.535976,83.0,3.0,4.0,APULL,28,Idle
18.87,0.226361,0.052289,0.184847,-0.681931,-0.032667,-0.730686,0.055573,0.164824,-0.054226,0.759729,0.225852,-0.289219,0.536801,83.0,3.0,4.0,APULL,28,Idle
18.88,0.43332,-0.011569,0.204131,-0.681854,-0.033881,-0.730703,0.026993,0.13996,-0.085123,0.758859,0.226829,-0.288439,0.538037,83.0,3.0,4.0,APULL,28,Idle
18.89,0.461486,-0.01882,0.275629,-0.682051,-0.03554,-0.73044,-0.003358,0.078631,-0.026838,0.757672,0.228239,-0.287553,0.539587,83.0,3.0,4.0,APULL,28,Idle
18.9,0.38506,-0.017608,0.308346,-0.682347,-0.036721,-0.730106,-0.018077,0.026574,0.032565,0.756342,0.229537,-0.28681,0.541295,83.0,3.0,4.0,APULL,28,Idle
18.91,0.285298,0.07218,0.381218,-0.682216,-0.036764,-0.730226,0.001338,-0.024485,0.061433,0.755091,0.230182,-0.286187,0.543094,83.0,3.0,4.0,APULL,28,Idle
18.92,0.272918,0.017713,0.457167,-0.682039,-0.035979,-0.73043,0.022859,-0.053331,-0.006111,0.753681,0.230535,-0.285724,0.545143,83.0,3.0,4.0,APULL,28,Idle
18.93,0.118132,0.024932,0.54292,-0.682044,-0.033985,-0.730522,0.045584,-0.011822,0.001624,0.752107,0.230496,-0.285676,0.547353,83.0,3.0,4.0,APULL,28,Idle
18.94,0.086006,0.007555,0.538485,-0.68216,-0.030909,-0.730549,0.031815,0.037912,-0.011379,0.750526,0.230023,-0.286033,0.549532,83.0,3.0,4.0,APULL,28,Idle
18.95,0.16986,0.080401,0.562366,-0.682037,-0.028144,-0.730776,0.003128,0.008414,0.015566,0.748917,0.229633,-0.286149,0.551825,83.0,3.0,4.0,APULL,28,Idle
18.96,0.109477,0.078494,0.608409,-0.681579,-0.025146,-0.731313,-0.016175,0.021697,-0.012858,0.747244,0.229081,-0.286122,0.554332,83.0,3.0,4.0,APULL,28,Idle
18.97,0.107003,0.085115,0.636371,-0.681153,-0.02164,-0.731822,0.009049,0.060153,-0.000905,0.745504,0.228352,-0.286259,0.556898,83.0,3.0,4.0,APULL,28,Idle
18.98,0.288428,0.055529,0.626065,-0.680741,-0.018674,-0.732286,0.009491,0.052411,-0.049757,0.743622,0.227929,-0.28619,0.559615,83.0,3.0,4.0,APULL,28,Idle
18.99,0.430756,0.078234,0.660241,-0.68046,-0.017108,-0.732586,0.009821,0.01752,0.007808,0.741485,0.22827,-0.285657,0.562577,83.0,3.0,4.0,APULL,28,Idle
19.0,0.368355,0.119496,0.778303,-0.679787,-0.015158,-0.733253,0.01458,-0.012338,0.036262,0.739141,0.22843,-0.284944,0.565948,83.0,3.0,4.0,APULL,28,Idle
19.01,0.272912,0.005155,0.805253,-0.679416,-0.012109,-0.733654,0.034808,-0.012122,0.009929,0.736596,0.228305,-0.284693,0.569433,83.0,3.0,4.0,APULL,28,Idle
19.02,0.146453,-0.008613,0.821358,-0.679574,-0.008114,-0.733562,0.053078,-0.012989,0.085354,0.73402,0.227943,-0.285063,0.572709,83.0,3.0,4.0,APULL,28,Idle
19.03,0.207154,-0.026758,0.840608,-0.679701,-0.003669,-0.73348,0.033446,-0.039193,0.024144,0.731436,0.227388,-0.285578,0.57597,83.0,3.0,4.0,APULL,28,Idle
19.04,0.212271,-0.037941,0.928566,-0.679997,0.000586,-0.733215,0.028355,-0.043768,0.021331,0.728569,0.227102,-0.286037,0.579478,83.0,3.0,4.0,APULL,28,Idle
19.05,0.029268,-0.069049,0.991207,-0.680282,0.006422,-0.732922,0.01683,0.017763,0.022397,0.725569,0.226217,-0.286993,0.583104,83.0,3.0,4.0,APULL,28,Idle
19.06,0.32454,-0.213645,0.976851,-0.681286,0.011962,-0.731919,-0.00838,0.017793,-0.041381,0.722309,0.225806,-0.288187,0.586711,83.0,3.0,4.0,APULL,28,Idle
19.07,0.195577,-0.090721,1.087977,-0.68235,0.016693,-0.730835,-0.013039,0.017517,0.072479,0.718667,0.225944,-0.289018,0.590707,83.0,3.0,4.0,APULL,28,Idle
19.08,-0.04193,-0.034067,1.05777,-0.682485,0.023851,-0.73051,0.006933,0.093428,0.092937,0.715348,0.224636,-0.290317,0.594586,83.0,3.0,4.0,APULL,28,Idle
19.09,0.201947,-0.076528,1.019163,-0.682561,0.030404,-0.730196,0.043401,0.010108,-0.021528,0.712117,0.223523,-0.291444,0.598321,83.0,3.0,4.0,APULL,28,Idle
19.1,0.449662,-0.170544,1.095259,-0.683222,0.035071,-0.729368,0.039454,-0.032827,-0.124377,0.708376,0.223626,-0.292075,0.602401,83.0,3.0,4.0,APULL,28,Idle
19.11,0.42659,-0.137296,1.249331,-0.683901,0.039956,-0.72848,0.022524,0.016761,-0.019506,0.704093,0.223908,-0.292618,0.607036,83.0,3.0,4.0,APULL,28,Idle
19.12,0.544992,-0.032497,1.287584,-0.68402,0.045191,-0.728062,-0.000841,0.036535,0.038487,0.699531,0.224001,-0.292903,0.612117,83.0,3.0,4.0,APULL,28,Idle
19.13,0.746168,0.034561,1.287851,-0.683379,0.049258,-0.7284,-0.025239,0.019666,-0.010522,0.694852,0.22437,-0.292333,0.61756,83.0,3.0,4.0,APULL,28,Idle
19.14,0.40346,0.162866,1.338562,-0.682028,0.053685,-0.729353,-0.031992,0.075877,0.046263,0.690208,0.224325,-0.291551,0.623129,83.0,3.0,4.0,APULL,28,Idle
19.15,0.079127,0.255071,1.307114,-0.679643,0.061366,-0.730972,-0.010772,0.116643,0.033722,0.686147,0.222346,-0.291679,0.628242,83.0,3.0,4.0,APULL,28,Idle
19.16,0.557084,0.10157,1.204133,-0.677503,0.067676,-0.7324,-0.000429,0.027767,-0.171378,0.682135,0.220967,-0.291502,0.63316,83.0,3.0,4.0,APULL,28,Idle
19.17,0.704199,0.116973,1.278398,-0.67596,0.071113,-0.733499,0.004726,0.018563,-0.046103,0.677609,0.221153,-0.290417,0.638432,83.0,3.0,4.0,APULL,28,Idle
19.18,0.64776,0.214572,1.331903,-0.673723,0.075159,-0.735152,-0.016966,0.061453,0.056807,0.672876,0.220929,-0.289161,0.644061,83.0,3.0,4.0,APULL,28,Idle
19.19,0.719734,0.267484,1.176081,-0.671012,0.078566,-0.737272,-0.016595,-0.008543,0.084745,0.668383,0.220654,-0.287534,0.649538,83.0,3.0,4.0,APULL,28,Idle
19.2,0.706783,0.297092,1.097092,-0.667967,0.080834,-0.739788,-0.009355,-0.121163,0.033718,0.664331,0.220475,-0.285477,0.654643,83.0,3.0,4.0,APULL,28,Idle
19.21,0.61755,0.205641,1.187922,-0.665124,0.083405,-0.74206,-0.010505,-0.152924,-0.030324,0.660227,0.220244,-0.283659,0.659644,83.0,3.0,4.0,APULL,28,Idle
19.22,0.365445,0.206059,1.364281,-0.662646,0.088157,-0.743726,-0.060529,-0.062629,-0.053271,0.655705,0.219473,-0.282787,0.664766,83.0,3.0,4.0,APULL,28,Idle
19.23,0.20831,0.27215,1.339213,-0.659547,0.095329,-0.745594,-0.0941,0.085274,-0.066143,0.651196,0.217542,-0.282628,0.669881,83.0,3.0,4.0,APULL,28,Idle
19.24,0.492303,0.34808,1.193823,-0.656055,0.101156,-0.747903,-0.070111,0.136454,-0.026602,0.646994,0.215834,-0.281894,0.674797,83.0,3.0,4.0,APULL,28,Idle
19.25,0.829774,0.461156,1.16537,-0.651826,0.103812,-0.75123,-0.021544,0.089502,0.01066,0.64286,0.21498,-0.279587,0.67996,83.0,3.0,4.0,APULL,28,Idle
19.26,0.883693,0.497528,1.172164,-0.64688,0.10488,-0.755345,0.036834,0.058969,0.017491,0.6386,0.214452,-0.276293,0.685466,83.0,3.0,4.0,APULL,28,Idle
19.27,0.827831,0.4416,1.129356,-0.64214,0.105778,-0.759255,0.067417,0.030666,0.026284,0.63435,0.214011,-0.273078,0.690817,83.0,3.0,4.0,APULL,28,Idle
19.28,0.827831,0.4416,1.129356,-0.64214,0.105778,-0.759255,0.067417,0.030666,0.026284,0.63435,0.214011,-0.273078,0.690817,83.0,3.0,4.0,APULL,28,Idle
19.29,0.793066,0.344236,1.05767,-0.637909,0.106696,-0.762685,0.018798,-0.031989,-0.038264,0.63025,0.213655,-0.270202,0.695792,83.0,3.0,4.0,APULL,28,Idle
19.3,0.686128,0.282188,1.069768,-0.634489,0.10757,-0.76541,-0.067308,-0.082607,-0.019502,0.626134,0.213598,-0.267714,0.700472,83.0,3.0,4.0,APULL,28,Idle
19.31,0.436037,0.358733,1.060825,-0.630877,0.110175,-0.76802,-0.112409,-0.069709,0.038681,0.622202,0.212752,-0.265944,0.704893,83.0,3.0,4.0,APULL,28,Idle
19.32,0.438597,0.43291,0.952548,-0.626651,0.113236,-0.771029,-0.062558,-0.090409,0.066882,0.618697,0.211322,-0.26425,0.709034,83.0,3.0,4.0,APULL,28,Idle
19.33,0.423395,0.417103,0.859385,-0.622279,0.115524,-0.774224,0.028834,-0.107117,0.058511,0.615594,0.209937,-0.262325,0.712851,83.0,3.0,4.0,APULL,28,Idle
19.34,0.374521,0.306023,0.837151,-0.618483,0.117655,-0.776941,0.088713,-0.062754,0.018625,0.612626,0.20877,-0.260662,0.716352,83.0,3.0,4.0,APULL,28,Idle
19.35,0.298906,0.233803,0.813618,-0.615381,0.120238,-0.779005,0.074121,0.009462,-0.022676,0.609651,0.207716,-0.259522,0.719603,83.0,3.0,4.0,APULL,28,Idle
19.36,0.504039,0.150541,0.706078,-0.61302,0.121867,-0.780612,-0.005602,0.047628,-0.050656,0.606735,0.207254,-0.25834,0.722619,83.0,3.0,4.0,APULL,28,Idle
19.37,0.586075,0.302778,0.67099,-0.610501,0.121626,-0.782621,-0.066333,0.007036,0.063215,0.60395,0.207306,-0.256347,0.725641,83.0,3.0,4.0,APULL,28,Idle
19.38,0.554949,0.396139,0.640769,-0.606855,0.121152,-0.785525,-0.084551,-0.048245,0.057345,0.601427,0.206869,-0.253856,0.728731,83.0,3.0,4.0,APULL,28,Idle
19.39,0.469102,0.335219,0.600673,-0.603173,0.120825,-0.788405,-0.032416,-0.093817,0.014724,0.599097,0.206282,-0.251486,0.731632,83.0,3.0,4.0,APULL,28,Idle
19.4,0.344793,0.210772,0.579602,-0.600276,0.12123,-0.790552,0.030665,-0.07466,-0.008245,0.596865,0.205722,-0.249805,0.734186,83.0,3.0,4.0,APULL,28,Idle
19.41,0.256984,0.181912,0.5603,-0.598116,0.122238,-0.792032,0.046389,-0.042449,0.046549,0.594688,0.205237,-0.24872,0.736452,83.0,3.0,4.0,APULL,28,Idle
19.42,0.260776,0.219643,0.513217,-0.595852,0.12348,-0.793545,0.008709,-0.026099,0.028042,0.592696,0.204562,-0.247754,0.738569,83.0,3.0,4.0,APULL,28,Idle
19.43,0.303975,0.19969,0.457129,-0.59352,0.124078,-0.795197,-0.00853,-0.017908,-0.004516,0.590876,0.204009,-0.24654,0.740584,83.0,3.0,4.0,APULL,28,Idle
19.44,0.261612,0.167396,0.42146,-0.591519,0.124422,-0.796633,0.00198,0.011213,0.019823,0.589166,0.203634,-0.245391,0.742428,83.0,3.0,4.0,APULL,28,Idle
19.45,0.242564,0.15157,0.34573,-0.589749,0.124753,-0.797893,0.025723,0.011356,0.027995,0.587659,0.203287,-0.244393,0.744045,83.0,3.0,4.0,APULL,28,Idle
19.46,0.260654,0.128553,0.253627,-0.588291,0.12446,-0.799014,0.046359,-0.013589,0.0246,0.586463,0.203167,-0.243344,0.745365,83.0,3.0,4.0,APULL,28,Idle
19.47,0.213551,0.074183,0.20769,-0.587157,0.123894,-0.799936,0.0493,-0.022514,-0.013007,0.5855,0.203191,-0.242374,0.74643,83.0,3.0,4.0,APULL,28,Idle
19.48,0.198003,-0.009395,0.167703,-0.586678,0.123375,-0.800367,0.030342,-0.007759,-0.042024,0.58462,0.203445,-0.241716,0.747264,83.0,3.0,4.0,APULL,28,Idle
19.49,0.212285,-0.015838,0.12525,-0.586659,0.122603,-0.8005,0.004337,-0.014753,0.02546,0.583846,0.203937,-0.241163,0.747913,83.0,3.0,4.0,APULL,28,Idle
19.5,0.193204,0.042132,0.106208,-0.5864,0.121592,-0.800843,-0.022532,-0.060251,0.082078,0.583222,0.204357,-0.240451,0.748514,83.0,3.0,4.0,APULL,28,Idle
19.51,0.102799,0.01485,0.107326,-0.585995,0.121041,-0.801223,-0.038456,-0.09034,0.069778,0.582716,0.204527,-0.239911,0.749035,83.0,3.0,4.0,APULL,28,Idle
19.52,0.042135,-0.042036,0.130495,-0.586002,0.121191,-0.801196,-0.036511,-0.08341,0.044818,0.582167,0.204657,-0.239828,0.749453,83.0,3.0,4.0,APULL,28,Idle
19.53,0.004904,-0.011838,0.121224,-0.586117,0.121799,-0.801019,-0.027958,-0.054096,0.065912,0.581633,0.20468,-0.239992,0.749809,83.0,3.0,4.0,APULL,28,Idle
19.54,0.033251,0.034168,0.096907,-0.585874,0.122298,-0.801121,-0.021975,-0.035384,0.033482,0.581213,0.204552,-0.239996,0.750168,83.0,3.0,4.0,APULL,28,Idle
19.55,0.072856,-0.019387,0.074421,-0.585617,0.122408,-0.801292,-0.001663,-0.002184,-0.060036,0.580853,0.204524,-0.239842,0.750504,83.0,3.0,4.0,APULL,28,Idle
19.56,0.18203,-0.021731,0.079526,-0.585776,0.121782,-0.801271,0.023612,0.029173,-0.061079,0.580413,0.204932,-0.239514,0.750837,83.0,3.0,4.0,APULL,28,Idle
19.57,0.247292,-0.019316,0.079134,-0.585785,0.120544,-0.801452,0.032867,0.039338,-0.044739,0.57987,0.205507,-0.238833,0.751316,83.0,3.0,4.0,APULL,28,Idle
19.58,0.336408,-0.062679,0.016413,-0.586106,0.118429,-0.801533,0.033692,0.042659,0.007801,0.579337,0.20649,-0.237899,0.751754,83.0,3.0,4.0,APULL,28,Idle
19.59,0.219075,0.041891,0.038269,-0.586182,0.116233,-0.801798,0.013596,0.008951,0.114237,0.578927,0.207355,-0.236865,0.752159,83.0,3.0,4.0,APULL,28,Idle
19.6,0.073884,0.082888,0.055337,-0.586568,0.113976,-0.80184,-0.014064,-0.021187,0.085517,0.578775,0.208288,-0.236,0.75229,83.0,3.0,4.0,APULL,28,Idle
19.61,-0.043941,0.072317,0.0351,-0.586773,0.113471,-0.801762,-0.032993,-0.035285,0.057453,0.578726,0.208552,-0.23585,0.752301,83.0,3.0,4.0,APULL,28,Idle
19.62,0.010661,0.084396,0.083152,-0.586676,0.11349,-0.80183,-0.054132,-0.063792,0.024776,0.578645,0.20853,-0.235797,0.752386,83.0,3.0,4.0,APULL,28,Idle
19.63,-0.003872,0.125597,0.147851,-0.585191,0.114217,-0.802811,-0.043441,-0.043661,0.015412,0.578355,0.20776,-0.235436,0.752935,83.0,3.0,4.0,APULL,28,Idle
19.64,0.132313,0.138421,0.112741,-0.583231,0.115114,-0.804109,-0.033179,0.012343,-0.007522,0.577942,0.206773,-0.234927,0.753683,83.0,3.0,4.0,APULL,28,Idle
19.65,0.263184,0.216855,0.102684,-0.580998,0.114815,-0.805766,-0.023814,0.016898,-0.026601,0.577505,0.20606,-0.233787,0.754567,83.0,3.0,4.0,APULL,28,Idle
19.66,0.385272,0.157128,0.077032,-0.579099,0.113382,-0.807334,0.024869,0.045202,-0.089028,0.576965,0.205878,-0.232265,0.755499,83.0,3.0,4.0,APULL,28,Idle
19.67,0.296944,0.110413,0.062171,-0.578782,0.11128,-0.807854,0.077866,0.065966,-0.01612,0.576347,0.206601,-0.23106,0.756143,83.0,3.0,4.0,APULL,28,Idle
19.68,0.165521,0.052675,-0.007461,-0.578937,0.10952,-0.807984,0.082599,0.047783,-0.025207,0.576042,0.207319,-0.230275,0.756418,83.0,3.0,4.0,APULL,28,Idle
19.69,0.101191,-0.007094,-0.060324,-0.579752,0.107678,-0.807647,0.078332,-0.018872,0.007262,0.576058,0.208245,-0.229805,0.756294,83.0,3.0,4.0,APULL,28,Idle
19.7,-0.079254,-0.062249,-0.023083,-0.580944,0.106448,-0.806953,0.063244,-0.042133,0.017463,0.576221,0.209093,-0.229791,0.75594,83.0,3.0,4.0,APULL,28,Idle
19.71,-0.165499,-0.130957,-0.020189,-0.582452,0.106792,-0.80582,0.056451,-0.010921,-0.006268,0.576338,0.209589,-0.23057,0.755476,83.0,3.0,4.0,APULL,28,Idle
19.72,-0.105734,-0.152918,-0.060548,-0.584033,0.108013,-0.804511,0.047366,0.007755,0.024345,0.576401,0.209854,-0.231745,0.754995,83.0,3.0,4.0,APULL,28,Idle
19.73,-0.015214,-0.130719,-0.046607,-0.585196,0.108497,-0.8036,-0.006661,-0.013801,0.017696,0.576466,0.210174,-0.232436,0.754644,83.0,3.0,4.0,APULL,28,Idle
19.74,-0.036067,-0.144826,-0.028545,-0.585181,0.109219,-0.803513,-0.019906,0.005634,0.007173,0.576455,0.209941,-0.23274,0.754624,83.0,3.0,4.0,APULL,28,Idle
19.75,-0.068858,-0.11928,-0.06232,-0.585098,0.110643,-0.803379,0.001266,-0.003069,0.068119,0.576437,0.209458,-0.233319,0.754593,83.0,3.0,4.0,APULL,28,Idle
19.76,-0.070741,-0.178377,-0.112101,-0.584969,0.111656,-0.803333,-0.002967,-0.045159,0.007328,0.576675,0.209007,-0.233773,0.754395,83.0,3.0,4.0,APULL,28,Idle
19.77,-0.090182,-0.17291,-0.106811,-0.585537,0.111206,-0.802982,0.014171,-0.053375,0.030719,0.577117,0.209254,-0.233927,0.753941,83.0,3.0,4.0,APULL,28,Idle
19.78,-0.196588,-0.127384,-0.096061,-0.585918,0.110911,-0.802745,0.013607,-0.028483,0.008967,0.577683,0.209334,-0.234109,0.753429,83.0,3.0,4.0,APULL,28,Idle
19.79,-0.11142,-0.16008,-0.173653,-0.586145,0.111025,-0.802563,0.004434,0.002577,-0.06084,0.578337,0.209191,-0.234431,0.752867,83.0,3.0,4.0,APULL,28,Idle
19.8,-0.117418,-0.132865,-0.185475,-0.5868,0.111193,-0.802061,0.006874,0.020551,-0.027056,0.578996,0.209208,-0.23495,0.752193,83.0,3.0,4.0,APULL,28,Idle
19.81,-0.038058,-0.108447,-0.201241,-0.588387,0.110204,-0.801034,0.001458,0.012583,0.011438,0.579685,0.209981,-0.235352,0.75132,83.0,3.0,4.0,APULL,28,Idle
19.82,-0.072756,-0.057952,-0.201964,-0.589567,0.109536,-0.800258,-0.026125,-0.021538,0.018275,0.580349,0.210487,-0.235726,0.750549,83.0,3.0,4.0,APULL,28,Idle
19.83,-0.069569,-0.031007,-0.226354,-0.590944,0.10895,-0.799322,-0.019743,-0.023287,-0.004939,0.581088,0.211024,-0.236237,0.749665,83.0,3.0,4.0,APULL,28,Idle
19.84,-0.131248,-0.017331,-0.235721,-0.591383,0.106964,-0.799265,0.026273,-0.00615,-0.001333,0.582236,0.211488,-0.235882,0.748755,83.0,3.0,4.0,APULL,28,Idle
19.85,-0.064947,-0.126024,-0.295193,-0.592355,0.104349,-0.798891,0.044976,0.022208,-0.051069,0.583518,0.212338,-0.235514,0.747631,83.0,3.0,4.0,APULL,28,Idle
19.86,-0.05798,-0.115542,-0.280579,-0.593261,0.102251,-0.79849,0.045654,0.015775,0.006497,0.584668,0.213037,-0.235309,0.746598,83.0,3.0,4.0,APULL,28,Idle
19.87,-0.073907,-0.110794,-0.291434,-0.593072,0.101362,-0.798744,0.030984,0.005526,0.041465,0.585776,0.212896,-0.235167,0.745814,83.0,3.0,4.0,APULL,28,Idle
19.88,-0.150095,-0.104395,-0.304333,-0.593531,0.101211,-0.798422,0.015344,-0.030501,0.070471,0.586848,0.2128,-0.235595,0.744863,83.0,3.0,4.0,APULL,28,Idle
19.89,-0.269821,-0.154864,-0.302023,-0.594829,0.101663,-0.797398,0.009135,-0.029535,0.014347,0.58796,0.212844,-0.23664,0.743641,83.0,3.0,4.0,APULL,28,Idle
19.9,-0.350255,-0.193713,-0.309413,-0.59653,0.10241,-0.796031,0.033923,-0.002907,-0.004323,0.589234,0.212905,-0.238026,0.742171,83.0,3.0,4.0,APULL,28,Idle
19.91,-0.309503,-0.258863,-0.346444,-0.598678,0.103144,-0.794321,0.042617,0.033803,-0.018942,0.590544,0.21314,-0.239606,0.740553,83.0,3.0,4.0,APULL,28,Idle
19.92,-0.246379,-0.205266,-0.3316,-0.600988,0.103232,-0.792564,0.015538,0.044091,0.01699,0.591821,0.213659,-0.240973,0.738938,83.0,3.0,4.0,APULL,28,Idle
19.93,-0.251474,-0.154177,-0.308559,-0.60267,0.103371,-0.791267,-0.004889,0.048408,-0.020379,0.593043,0.213914,-0.24209,0.737518,83.0,3.0,4.0,APULL,28,Idle
19.94,-0.287508,-0.141618,-0.339887,-0.604171,0.103505,-0.790103,0.034637,0.061473,-0.009961,0.594334,0.214068,-0.243153,0.736083,83.0,3.0,4.0,APULL,28,Idle
19.95,-0.252742,-0.223675,-0.399569,-0.605985,0.103607,-0.7887,0.062147,0.057754,-0.015499,0.595798,0.214301,-0.244388,0.734421,83.0,3.0,4.0,APULL,28,Idle
19.96,-0.07046,-0.19543,-0.359357,-0.60812,0.102393,-0.787214,0.034191,-0.0176,-0.00693,0.597118,0.215148,-0.245162,0.732842,83.0,3.0,4.0,APULL,28,Idle
19.97,-0.070677,-0.192703,-0.265083,-0.609937,0.101023,-0.785984,-0.027865,-0.038523,-0.039181,0.598095,0.216029,-0.245641,0.731625,83.0,3.0,4.0,APULL,28,Idle
19.98,-0.142954,-0.154983,-0.213078,-0.61161,0.100357,-0.784768,-0.040337,-0.016281,0.004403,0.598845,0.21669,-0.246295,0.730595,83.0,3.0,4.0,APULL,28,Idle
19.99,-0.33226,-0.071029,-0.253174,-0.612703,0.100792,-0.783859,0.012453,0.025016,0.065689,0.599794,0.216674,-0.24723,0.729505,83.0,3.0,4.0,APULL,28,Idle
20.0,-0.361836,-0.111488,-0.37778,-0.613698,0.101773,-0.782954,0.040013,0.052203,-0.000264,0.601245,0.21626,-0.248505,0.727999,83.0,3.0,4.0,APULL,28,Idle
20.01,-0.113382,-0.140827,-0.393897,-0.615153,0.101217,-0.781884,0.016108,0.011591,-0.079399,0.602785,0.216517,-0.249357,0.726355,83.0,3.0,4.0,APULL,28,Idle
20.02,-0.099576,-0.100924,-0.29621,-0.616449,0.099756,-0.78105,-0.00382,0.000997,-0.050676,0.603982,0.21713,-0.249659,0.725073,83.0,3.0,4.0,APULL,28,Idle
20.03,-0.089989,-0.073065,-0.263611,-0.617416,0.098917,-0.780393,-0.023896,0.021261,-0.01517,0.604983,0.217465,-0.250025,0.724011,83.0,3.0,4.0,APULL,28,Idle
20.04,-0.069738,-0.055417,-0.288517,-0.618172,0.097741,-0.779943,-0.016762,0.008948,0.002843,0.605967,0.217833,-0.250155,0.723032,83.0,3.0,4.0,APULL,28,Idle
20.05,-0.099148,-0.05068,-0.313273,-0.618912,0.096611,-0.779496,-0.011337,0.026131,-0.003386,0.607097,0.218128,-0.250344,0.721929,83.0,3.0,4.0,APULL,28,Idle
20.06,-0.021236,-0.009745,-0.279691,-0.619422,0.095255,-0.779258,-0.010538,-0.006006,0.004524,0.608202,0.218415,-0.250331,0.720916,83.0,3.0,4.0,APULL,28,Idle
20.07,0.019271,-0.015708,-0.253525,-0.619741,0.093665,-0.779197,-0.012018,-0.028006,0.001578,0.609134,0.218765,-0.250087,0.720107,83.0,3.0,4.0,APULL,28,Idle
20.08,0.054367,-0.011862,-0.258013,-0.620136,0.091784,-0.779107,-0.034131,-0.055163,0.084573,0.609994,0.21927,-0.249734,0.719348,83.0,3.0,4.0,APULL,28,Idle
20.09,-0.024166,0.099716,-0.204138,-0.620021,0.090158,-0.779388,-0.074879,-0.122461,0.154159,0.610862,0.21948,-0.249268,0.718708,83.0,3.0,4.0,APULL,28,Idle
20.1,-0.148464,0.091403,-0.146556,-0.619346,0.089801,-0.779965,-0.098626,-0.141604,0.051999,0.611715,0.219033,-0.249082,0.718183,83.0,3.0,4.0,APULL,28,Idle
20.11,-0.287029,0.026334,-0.089896,-0.619033,0.090731,-0.780106,-0.050996,-0.07419,0.022614,0.612436,0.218337,-0.249551,0.717618,83.0,3.0,4.0,APULL,28,Idle
20.12,-0.367812,-0.05289,-0.079915,-0.619241,0.092885,-0.779688,0.019861,0.058726,0.007669,0.613074,0.217457,-0.250736,0.716927,83.0,3.0,4.0,APULL,28,Idle
20.13,-0.284633,-0.080538,-0.139583,-0.619828,0.094839,-0.778985,0.071397,0.143564,-0.006598,0.61373,0.21679,-0.252011,0.71612,83.0,3.0,4.0,APULL,28,Idle
20.14,-0.070524,-0.168674,-0.225202,-0.621004,0.095111,-0.778015,0.08539,0.151273,-0.021179,0.614436,0.21692,-0.252859,0.715176,83.0,3.0,4.0,APULL,28,Idle
20.15,0.063624,-0.168515,-0.222164,-0.62259,0.09359,-0.776931,0.065965,0.102028,0.012664,0.615009,0.217881,-0.253105,0.714304,83.0,3.0,4.0,APULL,28,Idle
20.16,-0.041046,-0.156234,-0.185285,-0.623996,0.092187,-0.775971,0.042316,0.054007,0.038025,0.615513,0.218753,-0.253302,0.713533,83.0,3.0,4.0,APULL,28,Idle
20.17,-0.133429,-0.186043,-0.197905,-0.625521,0.091703,-0.774799,0.021013,0.003954,0.003361,0.61606,0.219339,-0.25395,0.71265,83.0,3.0,4.0,APULL,28,Idle
20.18,-0.230616,-0.196901,-0.223283,-0.627206,0.09184,-0.77342,0.011346,-0.022992,-0.028795,0.616768,0.219714,-0.254981,0.711552,83.0,3.0,4.0,APULL,28,Idle
20.19,-0.213989,-0.194231,-0.229282,-0.628985,0.092151,-0.771937,0.011584,-0.018924,-0.027899,0.617575,0.220029,-0.256162,0.71033,83.0,3.0,4.0,APULL,28,Idle
20.2,-0.210572,-0.127274,-0.247281,-0.630418,0.092344,-0.770743,-0.009856,0.010165,-0.02662,0.618461,0.220214,-0.257165,0.709138,83.0,3.0,4.0,APULL,28,Idle
20.21,-0.049854,-0.107057,-0.277102,-0.63159,0.091694,-0.769861,-0.048677,0.020137,-0.044196,0.619397,0.220569,-0.257718,0.70801,83.0,3.0,4.0,APULL,28,Idle
20.22,0.014728,-0.021563,-0.268229,-0.632382,0.090034,-0.769407,-0.053043,0.000542,0.019422,0.620288,0.221142,-0.257668,0.707069,83.0,3.0,4.0,APULL,28,Idle
20.23,0.039346,0.078877,-0.227426,-0.632359,0.088267,-0.769631,-0.033794,-0.03712,0.078392,0.621179,0.221428,-0.257205,0.706365,83.0,3.0,4.0,APULL,28,Idle
20.24,0.083259,0.065112,-0.210954,-0.63196,0.086436,-0.770166,-0.025968,-0.065059,0.003793,0.621979,0.221622,-0.256517,0.705851,83.0,3.0,4.0,APULL,28,Idle
20.25,0.051669,0.021718,-0.196742,-0.631846,0.084547,-0.770469,-0.015477,-0.046232,-0.002374,0.622672,0.221989,-0.255903,0.705346,83.0,3.0,4.0,APULL,28,Idle
20.26,-0.02793,0.034171,-0.174581,-0.63181,0.083302,-0.770634,-0.006297,-0.008824,0.035115,0.623348,0.222168,-0.255586,0.704808,83.0,3.0,4.0,APULL,28,Idle
20.27,-0.052909,0.046421,-0.190741,-0.631646,0.08252,-0.770853,0.006203,-0.003479,0.033167,0.624071,0.222116,-0.255417,0.704246,83.0,3.0,4.0,APULL,28,Idle
20.28,-0.080932,-0.017402,-0.252566,-0.631703,0.081639,-0.770899,0.015447,-0.001057,0.009883,0.624944,0.222133,-0.255357,0.703487,83.0,3.0,4.0,APULL,28,Idle
20.29,-0.137467,-0.057538,-0.250488,-0.632246,0.080848,-0.770538,0.017958,-0.009925,0.030761,0.625899,0.222281,-0.255582,0.70251,83.0,3.0,4.0,APULL,28,Idle
20.3,-0.170921,-0.08495,-0.243881,-0.632971,0.080552,-0.769973,0.006933,-0.011444,0.022186,0.626855,0.222323,-0.256097,0.701455,83.0,3.0,4.0,APULL,28,Idle
20.31,-0.114447,-0.110287,-0.225846,-0.63395,0.080165,-0.769208,-0.002525,-0.011027,0.026899,0.627715,0.222532,-0.256662,0.700412,83.0,3.0,4.0,APULL,28,Idle
20.32,-0.130212,-0.114138,-0.190273,-0.634986,0.079774,-0.768394,0.003501,-0.002641,0.04705,0.628427,0.222818,-0.257207,0.699483,83.0,3.0,4.0,APULL,28,Idle
20.33,-0.157992,-0.152587,-0.18254,-0.636147,0.079716,-0.767439,0.018883,-0.004047,0.046065,0.629052,0.223065,-0.257919,0.69858,83.0,3.0,4.0,APULL,28,Idle
20.34,-0.193373,-0.225611,-0.202443,-0.637751,0.079873,-0.76609,0.023814,-0.015267,0.038002,0.629672,0.223409,-0.258927,0.697537,83.0,3.0,4.0,APULL,28,Idle
20.35,-0.310778,-0.256255,-0.19764,-0.63978,0.080514,-0.764329,0.023767,-0.023644,0.061845,0.63033,0.223731,-0.260345,0.696311,83.0,3.0,4.0,APULL,28,Idle
20.36,-0.392627,-0.286174,-0.190764,-0.642033,0.082002,-0.762279,0.013966,-0.025346,0.047054,0.631048,0.22381,-0.262239,0.694923,83.0,3.0,4.0,APULL,28,Idle
20.37,-0.375031,-0.322367,-0.186121,-0.644512,0.083791,-0.759989,-0.000828,-0.030995,0.024897,0.631743,0.223873,-0.264361,0.693466,83.0,3.0,4.0,APULL,28,Idle
20.38,-0.329342,-0.322854,-0.143823,-0.647128,0.085336,-0.75759,-0.011639,-0.008081,0.010016,0.632273,0.224132,-0.266401,0.692117,83.0,3.0,4.0,APULL,28,Idle
20.39,-0.325595,-0.316795,-0.112523,-0.649652,0.087049,-0.755232,-0.006003,0.040911,-0.011507,0.632646,0.224351,-0.268422,0.690923,83.0,3.0,4.0,APULL,28,Idle
20.4,-0.192445,-0.345759,-0.146766,-0.652294,0.088232,-0.752813,0.007122,0.057062,-0.04101,0.632925,0.22484,-0.27026,0.689791,83.0,3.0,4.0,APULL,28,Idle
20.41,-0.131612,-0.352031,-0.192931,-0.655081,0.088263,-0.750386,0.02033,0.050332,-0.03474,0.633215,0.225795,-0.271705,0.688645,83.0,3.0,4.0,APULL,28,Idle
20.42,-0.162313,-0.367639,-0.201548,-0.657943,0.088079,-0.7479,0.029525,0.039103,-0.005305,0.633566,0.226831,-0.273126,0.687418,83.0,3.0,4.0,APULL,28,Idle
20.43,-0.157635,-0.354666,-0.199349,-0.660848,0.087949,-0.745349,0.019705,0.002887,0.013522,0.633946,0.227851,-0.274608,0.686139,83.0,3.0,4.0,APULL,28,Idle
20.44,-0.15483,-0.301213,-0.196337,-0.663463,0.087832,-0.743036,-0.019185,-0.010699,-0.012503,0.634369,0.228733,-0.275977,0.684904,83.0,3.0,4.0,APULL,28,Idle
20.45,-0.041499,-0.241114,-0.16804,-0.665685,0.087327,-0.741106,-0.04687,-0.008577,-0.0157,0.634731,0.229629,-0.27698,0.683864,83.0,3.0,4.0,APULL,28,Idle
20.46,0.041627,-0.184857,-0.119915,-0.667362,0.086368,-0.739708,-0.046917,0.017529,-0.007087,0.634937,0.230543,-0.277481,0.683161,83.0,3.0,4.0,APULL,28,Idle
20.47,0.086519,-0.190926,-0.110494,-0.668829,0.085119,-0.738527,-0.009256,0.063578,-0.006529,0.634979,0.231549,-0.277708,0.68269,83.0,3.0,4.0,APULL,28,Idle
20.48,0.126652,-0.273726,-0.158325,-0.670636,0.083479,-0.737075,0.038937,0.083163,-0.036775,0.634996,0.23284,-0.277936,0.682142,83.0,3.0,4.0,APULL,28,Idle
20.49,0.172463,-0.368286,-0.195647,-0.673163,0.081154,-0.735028,0.057913,0.062523,-0.041492,0.634976,0.234676,-0.278233,0.68141,83.0,3.0,4.0,APULL,28,Idle
20.5,0.077023,-0.430538,-0.146027,-0.676239,0.079037,-0.73243,0.046326,0.019855,0.017541,0.634857,0.23669,-0.27886,0.680568,83.0,3.0,4.0,APULL,28,Idle
20.51,0.034455,-0.485761,-0.087387,-0.679747,0.077826,-0.729306,0.013349,-0.03385,0.078595,0.634545,0.23862,-0.280013,0.679711,83.0,3.0,4.0,APULL,28,Idle
20.52,-0.050726,-0.487213,-0.015115,-0.68333,0.077492,-0.725986,-0.016652,-0.063194,0.098545,0.634038,0.240339,-0.281504,0.678961,83.0,3.0,4.0,APULL,28,Idle
20.53,-0.18058,-0.527233,0.004706,-0.687006,0.078313,-0.72242,0.01478,-0.020024,0.095391,0.633461,0.241701,-0.283498,0.678187,83.0,3.0,4.0,APULL,28,Idle
20.54,-0.329637,-0.544675,-0.008326,-0.690878,0.080183,-0.718511,0.077398,0.022524,0.139013,0.633017,0.242697,-0.286081,0.67716,83.0,3.0,4.0,APULL,28,Idle
20.55,-0.31097,-0.591469,-0.045263,-0.694979,0.082339,-0.7143,0.09833,0.015562,0.047445,0.632673,0.243633,-0.288951,0.675925,83.0,3.0,4.0,APULL,28,Idle
20.56,-0.332444,-0.684598,-0.085555,-0.699594,0.084167,-0.709566,0.088998,9.2e-05,-0.021574,0.632356,0.244875,-0.291981,0.67447,83.0,3.0,4.0,APULL,28,Idle
20.57,-0.470495,-0.679907,-0.048793,-0.704523,0.086445,-0.704397,0.054544,-0.022328,0.022024,0.632067,0.246058,-0.295394,0.672822,83.0,3.0,4.0,APULL,28,Idle
20.58,-0.595393,-0.654659,-0.032546,-0.709275,0.089963,-0.699167,0.007264,-0.032911,0.016642,0.631871,0.246663,-0.299288,0.671061,83.0,3.0,4.0,APULL,28,Idle
20.59,-0.578091,-0.608982,-0.043482,-0.713764,0.093835,-0.694072,-0.019467,-0.028298,-0.008656,0.631783,0.246978,-0.303258,0.669243,83.0,3.0,4.0,APULL,28,Idle
20.6,-0.467206,-0.52348,-0.028638,-0.717685,0.097288,-0.689538,-0.011944,0.007173,-0.056983,0.631694,0.247223,-0.306776,0.667632,83.0,3.0,4.0,APULL,28,Idle
20.61,-0.226061,-0.540914,-0.049214,-0.721392,0.09938,-0.68536,0.010912,0.061539,-0.07729,0.631425,0.247975,-0.309562,0.66632,83.0,3.0,4.0,APULL,28,Idle
20.62,-0.039469,-0.515152,-0.054224,-0.725091,0.099936,-0.681363,-0.017707,0.080164,-0.06026,0.630945,0.249399,-0.311638,0.665275,83.0,3.0,4.0,APULL,28,Idle
20.63,0.092949,-0.450717,-0.046449,-0.728396,0.099337,-0.677917,-0.052121,0.058424,-0.056428,0.630315,0.251181,-0.312969,0.664576,83.0,3.0,4.0,APULL,28,Idle
20.64,0.076282,-0.417584,-0.025027,-0.731366,0.098457,-0.674841,-0.034366,0.014901,0.041631,0.629663,0.252955,-0.313996,0.664037,83.0,3.0,4.0,APULL,28,Idle
20.65,-0.032499,-0.344236,0.032107,-0.733978,0.098207,-0.672036,0.008773,-0.06003,0.101617,0.628988,0.254368,-0.315086,0.663621,83.0,3.0,4.0,APULL,28,Idle
20.66,-0.306585,-0.39024,-0.006934,-0.736358,0.099519,-0.669233,0.076705,-0.074464,0.054914,0.628586,0.254972,-0.316816,0.662945,83.0,3.0,4.0,APULL,28,Idle
20.67,-0.419298,-0.498928,-0.096509,-0.739399,0.101621,-0.665554,0.104877,-0.064252,-0.000537,0.628532,0.255362,-0.319395,0.661607,83.0,3.0,4.0,APULL,28,Idle
20.68,-0.351085,-0.608015,-0.114077,-0.743194,0.103439,-0.661032,0.0372,-0.030349,-0.074029,0.628517,0.256123,-0.322312,0.659911,83.0,3.0,4.0,APULL,28,Idle
20.69,-0.314435,-0.588451,-0.066446,-0.747275,0.104913,-0.656181,-0.046152,0.045676,-0.004875,0.628269,0.257232,-0.325179,0.658307,83.0,3.0,4.0,APULL,28,Idle
20.7,-0.13727,-0.528328,-0.046914,-0.751009,0.106052,-0.651719,-0.076749,0.067577,0.065248,0.627837,0.258426,-0.327653,0.657024,83.0,3.0,4.0,APULL,28,Idle
20.71,0.060223,-0.53658,-0.05545,-0.754501,0.105884,-0.647701,-0.045365,0.014279,0.042401,0.627191,0.260137,-0.32936,0.656112,83.0,3.0,4.0,APULL,28,Idle
20.72,0.068325,-0.560409,-0.025079,-0.75808,0.105029,-0.643648,0.018761,-0.032656,0.031725,0.626326,0.262257,-0.330752,0.655393,83.0,3.0,4.0,APULL,28,Idle
20.73,-0.010762,-0.662534,-0.018531,-0.762038,0.10474,-0.639005,0.050627,-0.050464,-0.002215,0.625334,0.264373,-0.332572,0.654569,83.0,3.0,4.0,APULL,28,Idle
20.74,-0.116191,-0.706513,-0.025998,-0.766453,0.104939,-0.63367,0.034962,-0.062916,-0.007123,0.624331,0.266486,-0.334888,0.653487,83.0,3.0,4.0,APULL,28,Idle
20.75,-0.192755,-0.742566,-0.040207,-0.771074,0.105671,-0.627916,-0.012892,-0.042423,-0.047774,0.623421,0.26843,-0.33762,0.652154,83.0,3.0,4.0,APULL,28,Idle
20.76,-0.307222,-0.711814,-0.057956,-0.775729,0.10685,-0.621954,-0.053616,0.008338,0.005316,0.62268,0.270129,-0.340666,0.650574,83.0,3.0,4.0,APULL,28,Idle
20.77,-0.309406,-0.610465,-0.045749,-0.779865,0.108445,-0.616483,-0.044766,0.025634,0.043607,0.622141,0.271362,-0.343688,0.648985,83.0,3.0,4.0,APULL,28,Idle
20.78,-0.176728,-0.642935,-0.076564,-0.783736,0.109575,-0.611352,0.020156,0.036314,-0.040519,0.621606,0.272673,-0.346372,0.64752,83.0,3.0,4.0,APULL,28,Idle
20.79,-0.044825,-0.65509,-0.082804,-0.78782,0.109533,-0.606088,0.070672,0.074992,-0.065848,0.62086,0.274634,-0.348615,0.646202,83.0,3.0,4.0,APULL,28,Idle
20.8,-0.030866,-0.650575,-0.126234,-0.791883,0.108982,-0.60087,0.083036,0.128506,-0.032553,0.620089,0.276802,-0.350636,0.644922,83.0,3.0,4.0,APULL,28,Idle
20.81,0.117778,-0.649749,-0.188286,-0.79601,0.107479,-0.595665,0.047734,0.078007,0.002266,0.619394,0.27933,-0.352338,0.643571,83.0,3.0,4.0,APULL,28,Idle
20.82,0.146923,-0.575477,-0.185946,-0.799862,0.105097,-0.59091,0.002987,-0.008798,0.012495,0.61871,0.282098,-0.353505,0.642381,83.0,3.0,4.0,APULL,28,Idle
20.83,0.040307,-0.566719,-0.138443,-0.803377,0.103226,-0.586455,0.000795,-0.043411,0.038817,0.618095,0.284504,-0.354725,0.641238,83.0,3.0,4.0,APULL,28,Idle
20.84,-0.07252,-0.605573,-0.13319,-0.806965,0.10226,-0.581679,0.010716,-0.064709,0.013686,0.617485,0.286583,-0.356413,0.639963,83.0,3.0,4.0,APULL,28,Idle
20.85,-0.048724,-0.624239,-0.128956,-0.81067,0.101642,-0.576614,-0.019576,-0.066852,-0.039399,0.61691,0.288554,-0.358371,0.638537,83.0,3.0,4.0,APULL,28,Idle
20.86,-0.057352,-0.632171,-0.067596,-0.814384,0.101073,-0.571457,-0.046578,-0.018874,-0.061157,0.616144,0.290619,-0.360295,0.637256,83.0,3.0,4.0,APULL,28,Idle
20.87,0.081298,-0.660333,-0.051289,-0.81812,0.100731,-0.566156,-0.045573,0.064766,-0.069052,0.615178,0.292721,-0.362266,0.636108,83.0,3.0,4.0,APULL,28,Idle
20.88,0.279321,-0.632415,-0.073168,-0.82184,0.099161,-0.561022,-0.00662,0.110159,-0.014158,0.613886,0.295494,-0.363555,0.635339,83.0,3.0,4.0,APULL,28,Idle
20.89,0.395779,-0.623411,-0.130853,-0.825441,0.096462,-0.556185,0.040163,0.107319,0.047396,0.612583,0.298686,-0.364272,0.634692,83.0,3.0,4.0,APULL,28,Idle
20.9,0.311641,-0.701336,-0.14327,-0.829216,0.093146,-0.551112,0.077919,-0.007147,0.041773,0.61124,0.302221,-0.364838,0.633988,83.0,3.0,4.0,APULL,28,Idle
20.91,-0.006958,-0.812537,-0.150394,-0.833626,0.091142,-0.544758,0.085564,-0.04326,-0.049343,0.610084,0.305383,-0.366554,0.632595,83.0,3.0,4.0,APULL,28,Idle
20.92,-0.067932,-0.757013,-0.154398,-0.838091,0.090104,-0.538038,0.032366,-0.07396,0.05766,0.609194,0.308037,-0.36891,0.630794,83.0,3.0,4.0,APULL,28,Idle
20.93,0.130122,-0.698316,-0.117279,-0.842106,0.088862,-0.531941,-0.059277,-0.089564,0.065831,0.608266,0.310626,-0.370865,0.629271,83.0,3.0,4.0,APULL,28,Idle
20.94,0.238318,-0.68635,-0.029361,-0.845842,0.087149,-0.526266,-0.089079,-0.051107,0.048925,0.606881,0.313575,-0.372206,0.628354,83.0,3.0,4.0,APULL,28,Idle
20.95,0.277565,-0.664216,0.009549,-0.849436,0.08576,-0.520677,-0.038626,0.00355,0.082582,0.605245,0.316498,-0.373484,0.627708,83.0,3.0,4.0,APULL,28,Idle
20.96,0.204701,-0.593711,0.038238,-0.85265,0.084656,-0.515579,0.040058,-0.013977,0.122345,0.603567,0.319195,-0.374599,0.627293,83.0,3.0,4.0,APULL,28,Idle
20.97,0.036861,-0.753623,-0.068291,-0.856097,0.084016,-0.509941,0.099749,-0.009568,8.4e-05,0.60217,0.32164,-0.376268,0.626388,83.0,3.0,4.0,APULL,28,Idle
20.98,0.040409,-0.826549,-0.127815,-0.860259,0.082904,-0.503072,0.056731,-0.022663,-0.078776,0.600922,0.324474,-0.378392,0.624843,83.0,3.0,4.0,APULL,28,Idle
20.99,-0.031165,-0.79528,-0.110668,-0.864424,0.081881,-0.496052,-0.030581,0.031309,-0.049587,0.599759,0.327232,-0.380649,0.623149,83.0,3.0,4.0,APULL,28,Idle
21.0,0.113787,-0.764104,-0.07829,-0.868343,0.080953,-0.489312,-0.0732,0.056865,0.017282,0.598513,0.329916,-0.382752,0.621642,83.0,3.0,4.0,APULL,28,Idle
21.01,0.306795,-0.683255,-0.091291,-0.871955,0.079151,-0.483146,-0.028665,0.033566,0.044059,0.596993,0.33301,-0.384098,0.620623,83.0,3.0,4.0,APULL,28,Idle
21.02,0.392575,-0.670459,-0.110293,-0.875265,0.076583,-0.477543,0.079442,0.016068,0.094364,0.595431,0.336333,-0.384849,0.619866,83.0,3.0,4.0,APULL,28,Idle
21.03,0.310835,-0.786965,-0.115227,-0.878804,0.073787,-0.471443,0.133824,-0.041316,0.030678,0.593763,0.33992,-0.385659,0.619006,83.0,3.0,4.0,APULL,28,Idle
21.04,-0.043251,-0.863439,-0.11544,-0.882788,0.072129,-0.464202,0.089331,-0.025452,-0.020463,0.592279,0.343123,-0.387512,0.6175,83.0,3.0,4.0,APULL,28,Idle
21.05,-0.245642,-0.875523,-0.111936,-0.886901,0.071879,-0.456334,-0.006303,0.037221,0.027638,0.591225,0.345547,-0.390423,0.615321,83.0,3.0,4.0,APULL,28,Idle
21.06,0.046299,-0.836241,-0.085356,-0.890879,0.071469,-0.448583,-0.087713,-0.00047,0.021032,0.590053,0.348064,-0.393141,0.613294,83.0,3.0,4.0,APULL,28,Idle
21.07,0.130212,-0.754283,0.037192,-0.894412,0.070713,-0.441618,-0.063168,-0.048099,0.056379,0.588381,0.350875,-0.395067,0.612059,83.0,3.0,4.0,APULL,28,Idle
21.08,-0.012424,-0.83413,0.084146,-0.897838,0.071091,-0.434549,0.037593,0.006302,0.002176,0.586505,0.353322,-0.397352,0.610971,83.0,3.0,4.0,APULL,28,Idle
21.09,0.015536,-0.839083,0.052916,-0.901435,0.071786,-0.426922,0.084998,0.068015,-0.006977,0.584605,0.355739,-0.399986,0.609671,83.0,3.0,4.0,APULL,28,Idle
21.1,0.08357,-0.791021,-0.014369,-0.904849,0.071745,-0.419644,0.073367,0.091585,0.020108,0.582824,0.358319,-0.402225,0.60839,83.0,3.0,4.0,APULL,28,Idle
21.11,0.180611,-0.801736,-0.100593,-0.908199,0.070676,-0.412528,0.009518,0.050845,-0.075708,0.581161,0.361233,-0.404038,0.607055,83.0,3.0,4.0,APULL,28,Idle
21.12,0.1917,-0.77785,-0.114191,-0.911558,0.06884,-0.405367,-0.088305,-0.029304,-0.083448,0.579535,0.364459,-0.405569,0.605659,83.0,3.0,4.0,APULL,28,Idle
21.13,0.079679,-0.683433,-0.037293,-0.914545,0.067594,-0.398796,-0.126623,-0.081419,0.020516,0.578017,0.367228,-0.407119,0.604396,83.0,3.0,4.0,APULL,28,Idle
21.14,0.050563,-0.680369,-0.05704,-0.917251,0.067044,-0.392627,-0.063477,-0.086911,7.9e-05,0.57666,0.369495,-0.408852,0.603139,83.0,3.0,4.0,APULL,28,Idle
21.15,0.058933,-0.670306,-0.078545,-0.919965,0.066109,-0.386385,0.031492,-0.050819,0.022387,0.575359,0.371897,-0.410488,0.601793,83.0,3.0,4.0,APULL,28,Idle
21.16,-0.044351,-0.691119,-0.104284,-0.922627,0.065319,-0.380121,0.079686,0.022571,0.036524,0.574218,0.374116,-0.412282,0.600279,83.0,3.0,4.0,APULL,28,Idle
21.17,0.023818,-0.7604,-0.171156,-0.925469,0.064096,-0.373362,0.056588,0.031684,-0.006734,0.573163,0.376541,-0.414169,0.598469,83.0,3.0,4.0,APULL,28,Idle
21.18,0.143354,-0.745124,-0.167873,-0.928402,0.062157,-0.366343,-0.002491,0.017754,-0.022344,0.571929,0.379438,-0.415759,0.596715,83.0,3.0,4.0,APULL,28,Idle
21.19,0.19067,-0.703461,-0.157786,-0.931125,0.06008,-0.359717,-0.015911,0.07789,0.021887,0.570595,0.382387,-0.417039,0.595214,83.0,3.0,4.0,APULL,28,Idle
21.2,0.298172,-0.675632,-0.186901,-0.933687,0.057587,-0.353428,0.008867,0.033309,0.063878,0.569189,0.385506,-0.417936,0.593917,83.0,3.0,4.0,APULL,28,Idle
21.21,0.297927,-0.662181,-0.183402,-0.93615,0.054688,-0.347321,0.058129,-0.075959,0.070939,0.567739,0.3888,-0.418538,0.592733,83.0,3.0,4.0,APULL,28,Idle
21.22,-0.01311,-0.722605,-0.104958,-0.938597,0.052805,-0.340952,0.110609,-0.100825,0.074915,0.566423,0.391577,-0.419752,0.591304,83.0,3.0,4.0,APULL,28,Idle
21.23,-0.19728,-0.822513,-0.123557,-0.94129,0.052179,-0.333543,0.071386,-0.014596,-0.053465,0.565366,0.393755,-0.42212,0.58918,83.0,3.0,4.0,APULL,28,Idle
21.24,-0.045558,-0.748629,-0.104107,-0.943976,0.051546,-0.325963,-0.052972,0.053236,-0.018092,0.564303,0.395943,-0.424555,0.586979,83.0,3.0,4.0,APULL,28,Idle
21.25,0.22992,-0.670048,-0.050479,-0.946302,0.050494,-0.319318,-0.111316,0.06381,-0.020739,0.562829,0.398462,-0.426109,0.585561,83.0,3.0,4.0,APULL,28,Idle
21.26,0.330769,-0.658689,-0.019467,-0.948417,0.049276,-0.313173,-0.059777,0.101114,-0.081008,0.56092,0.401292,-0.427058,0.58477,83.0,3.0,4.0,APULL,28,Idle
21.27,0.368917,-0.663588,-0.019383,-0.950489,0.048018,-0.307025,0.02863,0.122163,-0.042203,0.55884,0.404259,-0.427858,0.584132,83.0,3.0,4.0,APULL,28,Idle
21.28,0.359044,-0.648908,-0.05493,-0.952512,0.04656,-0.30092,0.05499,0.065058,-0.014006,0.556766,0.407302,-0.428538,0.583499,83.0,3.0,4.0,APULL,28,Idle
21.29,0.140992,-0.66343,-0.036501,-0.954491,0.045268,-0.294785,0.016151,-0.025142,0.026048,0.554972,0.410063,-0.429483,0.582579,83.0,3.0,4.0,APULL,28,Idle
21.3,-0.026561,-0.699105,0.01,-0.956491,0.045036,-0.288267,-0.018058,-0.091361,0.021009,0.553448,0.412194,-0.431234,0.58123,83.0,3.0,4.0,APULL,28,Idle
21.31,-0.076,-0.678165,0.033485,-0.958456,0.045417,-0.281601,-0.004435,-0.069877,0.02176,0.551988,0.41401,-0.433353,0.57975,83.0,3.0,4.0,APULL,28,Idle
21.32,0.031097,-0.670027,0.030681,-0.96031,0.045826,-0.275144,0.018843,0.005108,-0.007357,0.550516,0.415781,-0.435379,0.578363,83.0,3.0,4.0,APULL,28,Idle
21.33,0.147418,-0.653644,0.037159,-0.962113,0.045873,-0.268765,-0.004257,0.030146,-0.023074,0.548769,0.417903,-0.437006,0.577266,83.0,3.0,4.0,APULL,28,Idle
21.34,0.172353,-0.552222,0.076569,-0.963691,0.046006,-0.263028,-0.046273,0.022369,-0.01192,0.546932,0.419966,-0.438309,0.576524,83.0,3.0,4.0,APULL,28,Idle
21.35,0.212175,-0.557082,0.067554,-0.965077,0.046194,-0.257863,-0.000454,0.026942,-0.022532,0.545142,0.421891,-0.439404,0.575979,83.0,3.0,4.0,APULL,28,Idle
21.36,0.194379,-0.577435,0.090343,-0.966503,0.04641,-0.252425,0.05743,0.034004,0.011,0.543211,0.423943,-0.440522,0.575443,83.0,3.0,4.0,APULL,28,Idle
21.37,0.167926,-0.535181,0.082488,-0.967856,0.046841,-0.247104,0.076041,0.022373,0.041873,0.541322,0.425846,-0.441704,0.574911,83.0,3.0,4.0,APULL,28,Idle
21.38,0.055795,-0.572531,0.063551,-0.969154,0.047214,-0.241891,0.059715,-0.032321,0.04931,0.539648,0.427595,-0.442964,0.574218,83.0,3.0,4.0,APULL,28,Idle
21.39,-0.121704,-0.608847,0.077077,-0.970562,0.048004,-0.236021,-0.005772,-0.052627,-0.015596,0.538237,0.429021,-0.444894,0.572984,83.0,3.0,4.0,APULL,28,Idle
21.4,-0.07831,-0.561183,0.102582,-0.971875,0.049132,-0.230316,-0.045322,-0.017989,-0.036011,0.536879,0.430222,-0.446935,0.571768,83.0,3.0,4.0,APULL,28,Idle
21.41,0.037249,-0.610721,0.092035,-0.973165,0.050188,-0.22457,-0.059688,0.075102,-0.096245,0.535347,0.431587,-0.448828,0.570692,83.0,3.0,4.0,APULL,28,Idle
21.42,0.203535,-0.523484,0.116284,-0.974395,0.050881,-0.219011,-0.072114,0.108848,-0.023528,0.533491,0.433347,-0.450228,0.569994,83.0,3.0,4.0,APULL,28,Idle
21.43,0.243048,-0.495264,0.135859,-0.975408,0.051633,-0.214273,-0.008357,0.026675,0.046869,0.531463,0.435122,-0.451146,0.56981,83.0,3.0,4.0,APULL,28,Idle
21.44,0.035538,-0.593826,0.115513,-0.976492,0.052512,-0.20906,0.082067,-0.055244,0.003158,0.529546,0.4368,-0.452411,0.569308,83.0,3.0,4.0,APULL,28,Idle
21.45,-0.107254,-0.617991,0.127849,-0.977696,0.053798,-0.203018,0.064,-0.091594,0.011703,0.527923,0.438138,-0.454452,0.568161,83.0,3.0,4.0,APULL,28,Idle
21.46,-0.08248,-0.547344,0.141275,-0.978805,0.055332,-0.19718,-0.013215,-0.055866,0.032477,0.526428,0.439225,-0.456608,0.566978,83.0,3.0,4.0,APULL,28,Idle
21.47,0.010953,-0.50535,0.103635,-0.979757,0.05664,-0.192009,-0.038202,0.002168,-0.009392,0.524938,0.440338,-0.458365,0.566078,83.0,3.0,4.0,APULL,28,Idle
21.48,0.108208,-0.457027,0.056001,-0.980642,0.057294,-0.187242,-0.037196,0.018633,-0.008513,0.523481,0.441684,-0.459667,0.565322,83.0,3.0,4.0,APULL,28,Idle
21.49,0.167069,-0.37538,0.062099,-0.981374,0.057581,-0.183274,-0.002101,0.015143,-0.002257,0.522021,0.443124,-0.460439,0.564917,83.0,3.0,4.0,APULL,28,Idle
21.5,0.2003,-0.370459,0.079626,-0.982001,0.057977,-0.179761,0.032461,0.030539,-0.022113,0.520584,0.444448,-0.46107,0.564688,83.0,3.0,4.0,APULL,28,Idle
21.51,0.26995,-0.388926,0.09272,-0.982631,0.058383,-0.176146,0.0359,0.029081,-0.037553,0.518918,0.445964,-0.461566,0.564621,83.0,3.0,4.0,APULL,28,Idle
21.52,0.267235,-0.369093,0.141973,-0.983226,0.059083,-0.172555,0.017253,0.08235,-0.018347,0.51711,0.447455,-0.462068,0.56469,83.0,3.0,4.0,APULL,28,Idle
21.53,0.351787,-0.360926,0.123222,-0.983769,0.059927,-0.169139,-0.014797,0.033656,0.025447,0.515166,0.448973,-0.462443,0.564954,83.0,3.0,4.0,APULL,28,Idle
21.54,0.246887,-0.382646,0.099556,-0.984327,0.060511,-0.165644,-0.019258,-0.057963,0.027643,0.513278,0.450575,-0.462775,0.565126,83.0,3.0,4.0,APULL,28,Idle
21.55,0.059242,-0.394108,0.104113,-0.984903,0.06127,-0.1619,-0.015478,-0.085211,0.006001,0.511769,0.451807,-0.463595,0.564838,83.0,3.0,4.0,APULL,28,Idle
21.56,0.044718,-0.387723,0.099907,-0.985477,0.062207,-0.158005,-0.016919,-0.066846,-0.017487,0.510439,0.452821,-0.464705,0.564318,83.0,3.0,4.0,APULL,28,Idle
21.57,0.081742,-0.341711,0.074821,-0.985999,0.062978,-0.154401,-0.029366,0.019282,-0.04671,0.509212,0.453799,-0.465689,0.56383,83.0,3.0,4.0,APULL,28,Idle
21.58,0.201553,-0.266652,0.056287,-0.986433,0.063399,-0.151427,-0.03731,0.05539,-0.03592,0.507987,0.454882,-0.466228,0.563616,83.0,3.0,4.0,APULL,28,Idle
21.59,0.347011,-0.182421,0.049384,-0.986726,0.063537,-0.149452,0.002869,0.039811,-0.026604,0.506672,0.456083,-0.466115,0.563923,83.0,3.0,4.0,APULL,28,Idle
21.6,0.332031,-0.177306,0.022647,-0.986967,0.063394,-0.147907,0.048888,0.044882,-0.009624,0.505353,0.45738,-0.465672,0.564422,83.0,3.0,4.0,APULL,28,Idle
21.61,0.342932,-0.160472,0.014574,-0.987213,0.063067,-0.146401,0.014847,0.009641,-0.01963,0.504124,0.458685,-0.465196,0.564854,83.0,3.0,4.0,APULL,28,Idle
21.62,0.38323,-0.11558,0.030441,-0.987403,0.06276,-0.14525,-0.038354,0.004241,-0.025801,0.502881,0.459959,-0.464557,0.565452,83.0,3.0,4.0,APULL,28,Idle
21.63,0.481248,-0.066268,0.055975,-0.987506,0.062591,-0.144618,-0.047711,0.02356,0.02154,0.501547,0.461192,-0.463674,0.566357,83.0,3.0,4.0,APULL,28,Idle
21.64,0.534505,-0.058222,0.056514,-0.987566,0.062405,-0.144287,-0.001768,0.001224,0.004319,0.500052,0.462531,-0.462516,0.567531,83.0,3.0,4.0,APULL,28,Idle
21.65,0.439129,-0.077929,0.082534,-0.987623,0.062353,-0.143924,0.04823,-0.008383,0.042117,0.498563,0.463802,-0.461439,0.56868,83.0,3.0,4.0,APULL,28,Idle
21.66,0.350248,-0.141347,0.117602,-0.987714,0.062804,-0.143095,0.057432,-0.015105,0.061933,0.4971,0.464859,-0.460824,0.569595,83.0,3.0,4.0,APULL,28,Idle
21.67,0.236713,-0.184766,0.152854,-0.987864,0.063733,-0.141643,0.05218,-0.005857,0.013683,0.495661,0.465734,-0.460728,0.570212,83.0,3.0,4.0,APULL,28,Idle
21.68,0.221566,-0.246449,0.173669,-0.988064,0.065058,-0.139629,0.044598,0.014242,-0.002506,0.494154,0.466535,-0.46101,0.570637,83.0,3.0,4.0,APULL,28,Idle
21.69,0.145348,-0.260062,0.161306,-0.988311,0.066469,-0.137198,-0.001405,0.017363,0.041922,0.492622,0.467358,-0.461494,0.570897,83.0,3.0,4.0,APULL,28,Idle
21.7,0.154557,-0.253878,0.129377,-0.988566,0.067748,-0.134716,-0.031088,-0.021925,0.031857,0.491298,0.468079,-0.462108,0.57095,83.0,3.0,4.0,APULL,28,Idle
21.71,0.033479,-0.261112,0.142657,-0.98882,0.068909,-0.13224,0.013142,-0.056488,0.040398,0.490072,0.468775,-0.462741,0.57092,83.0,3.0,4.0,APULL,28,Idle
21.72,-0.029893,-0.275169,0.172889,-0.989066,0.070498,-0.129535,0.013831,-0.037508,-0.0276,0.488995,0.469172,-0.4638,0.570659,83.0,3.0,4.0,APULL,28,Idle
21.73,0.040723,-0.222683,0.179741,-0.989263,0.07225,-0.127042,-0.017817,-0.012435,-0.02608,0.487908,0.469477,-0.464834,0.570497,83.0,3.0,4.0,APULL,28,Idle
21.74,0.067503,-0.191997,0.166313,-0.9894,0.073946,-0.124982,-0.052516,0.007322,-0.008608,0.486795,0.469786,-0.465629,0.570545,83.0,3.0,4.0,APULL,28,Idle
21.75,0.158589,-0.144886,0.144767,-0.989493,0.075325,-0.123409,-0.043634,0.030694,-0.050328,0.485684,0.470195,-0.466061,0.570802,83.0,3.0,4.0,APULL,28,Idle
21.76,0.174849,-0.105806,0.121936,-0.989537,0.076504,-0.122324,-0.018779,0.033695,-0.04621,0.484636,0.470599,-0.466234,0.571218,83.0,3.0,4.0,APULL,28,Idle
21.77,0.217285,-0.059464,0.107181,-0.989559,0.077379,-0.121599,-0.014653,0.019728,-0.004972,0.483651,0.47106,-0.466157,0.571735,83.0,3.0,4.0,APULL,28,Idle
21.78,0.252329,-0.050235,0.100047,-0.989531,0.078129,-0.121346,0.023283,0.011791,0.015587,0.482664,0.471536,-0.465812,0.572459,83.0,3.0,4.0,APULL,28,Idle
21.79,0.302677,-0.092753,0.083761,-0.989539,0.078736,-0.120885,0.058509,0.004623,0.013372,0.481587,0.472172,-0.465415,0.573164,83.0,3.0,4.0,APULL,28,Idle
21.8,0.284832,-0.114787,0.066555,-0.989611,0.079132,-0.120032,0.065478,-0.023498,0.099769,0.480432,0.473007,-0.465025,0.573761,83.0,3.0,4.0,APULL,28,Idle
21.81,0.243341,-0.117597,0.060966,-0.989695,0.079467,-0.11912,0.053354,-0.059996,0.060785,0.479317,0.473844,-0.464664,0.574296,83.0,3.0,4.0,APULL,28,Idle
21.82,0.117312,-0.133193,0.040679,-0.989801,0.079757,-0.11804,0.017053,-0.061584,-0.008211,0.478434,0.474529,-0.464545,0.574561,83.0,3.0,4.0,APULL,28,Idle
21.83,0.01406,-0.12362,0.054064,-0.989916,0.080162,-0.116789,-0.030607,-0.00959,-0.010134,0.477872,0.47492,-0.464819,0.574485,83.0,3.0,4.0,APULL,28,Idle
21.84,0.094267,-0.090926,0.040843,-0.990006,0.080606,-0.115721,-0.05928,0.007956,-0.00963,0.477334,0.475253,-0.465053,0.574467,83.0,3.0,4.0,APULL,28,Idle
21.85,0.155066,-0.086388,0.018694,-0.990078,0.080754,-0.114996,-0.041264,0.035945,-0.060357,0.476743,0.475735,-0.46495,0.574643,83.0,3.0,4.0,APULL,28,Idle
21.86,0.18835,-0.086719,0.032845,-0.990156,0.081134,-0.11406,-0.006289,0.055127,-0.015533,0.475945,0.476296,-0.464879,0.574897,83.0,3.0,4.0,APULL,28,Idle
21.87,0.227663,-0.077832,0.037398,-0.990194,0.081492,-0.113472,0.03246,0.01795,0.031486,0.475077,0.476889,-0.464587,0.575359,83.0,3.0,4.0,APULL,28,Idle
21.88,0.174949,-0.113619,0.017429,-0.99055,0.081046,-0.110649,0.072031,-0.044562,0.068794,0.473967,0.478279,-0.464677,0.575048,83.0,3.0,4.0,APULL,28,Idle
21.89,0.121749,-0.197035,0.039813,-0.990905,0.079953,-0.108238,0.091811,-0.036999,0.026588,0.473297,0.479576,-0.464637,0.574551,83.0,3.0,4.0,APULL,28,Idle
21.9,0.162401,-0.163429,0.074217,-0.991114,0.079061,-0.106968,0.045557,-0.000326,0.046894,0.472797,0.480525,-0.46434,0.57441,83.0,3.0,4.0,APULL,28,Idle
21.91,0.162865,-0.166328,0.062554,-0.991205,0.079371,-0.105896,-0.029425,0.025533,-0.011475,0.471966,0.48116,-0.46426,0.574627,83.0,3.0,4.0,APULL,28,Idle
21.92,0.212775,-0.176307,0.087798,-0.991297,0.079954,-0.104582,-0.046636,0.032274,-0.014513,0.47095,0.481839,-0.464263,0.574889,83.0,3.0,4.0,APULL,28,Idle
21.93,0.202682,-0.165637,0.146274,-0.991207,0.081469,-0.104263,-0.022815,0.051466,-0.001282,0.469823,0.482072,-0.464193,0.575672,83.0,3.0,4.0,APULL,28,Idle
21.94,0.18007,-0.183957,0.149277,-0.991136,0.083717,-0.10316,0.001313,0.03045,-0.005056,0.46834,0.482327,-0.464523,0.576401,83.0,3.0,4.0,APULL,28,Idle
21.95,0.063046,-0.206037,0.154638,-0.991204,0.08551,-0.10101,0.018746,-0.024033,0.024655,0.467007,0.482779,-0.465209,0.576549,83.0,3.0,4.0,APULL,28,Idle
21.96,-0.053463,-0.264874,0.121338,-0.991521,0.085917,-0.097497,0.044682,-0.076335,0.038659,0.466027,0.483734,-0.466104,0.575819,83.0,3.0,4.0,APULL,28,Idle
21.97,-0.13126,-0.27244,0.131451,-0.991753,0.086445,-0.094624,0.040138,-0.052937,0.035496,0.465478,0.484216,-0.467143,0.575015,83.0,3.0,4.0,APULL,28,Idle
21.98,-0.157455,-0.283033,0.13552,-0.991964,0.0878,-0.091098,0.031972,-0.008561,0.013171,0.464683,0.484568,-0.468663,0.574124,83.0,3.0,4.0,APULL,28,Idle
21.99,-0.096441,-0.234578,0.154325,-0.991994,0.089649,-0.088938,0.001119,0.047436,-0.002142,0.464018,0.484444,-0.469942,0.573721,83.0,3.0,4.0,APULL,28,Idle
22.0,0.125041,-0.21172,0.139281,-0.991983,0.091425,-0.087245,-0.037818,0.076743,-0.082463,0.463053,0.484554,-0.470728,0.573763,83.0,3.0,4.0,APULL,28,Idle
22.01,0.237894,-0.148558,0.160257,-0.991998,0.092765,-0.085648,-0.044074,0.098535,-0.023056,0.461738,0.485148,-0.470965,0.574127,83.0,3.0,4.0,APULL,28,Idle
22.02,0.268292,-0.139066,0.133804,-0.991977,0.094055,-0.084476,-0.029035,0.027771,0.00275,0.460338,0.485794,-0.47092,0.574741,83.0,3.0,4.0,APULL,28,Idle
22.03,0.145937,-0.150516,0.104927,-0.991982,0.095095,-0.083243,0.035332,-0.05443,0.006888,0.45911,0.486424,-0.470925,0.575186,83.0,3.0,4.0,APULL,28,Idle
22.04,-0.049647,-0.182834,0.092416,-0.992027,0.096035,-0.081613,0.049811,-0.102673,0.037301,0.458305,0.486792,-0.47141,0.57512,83.0,3.0,4.0,APULL,28,Idle
22.05,-0.093758,-0.159021,0.085991,-0.992079,0.097005,-0.07981,0.007094,-0.082692,-0.009378,0.457845,0.486879,-0.472276,0.574702,83.0,3.0,4.0,APULL,28,Idle
22.06,-0.042718,-0.119493,0.093655,-0.992101,0.097966,-0.078347,-0.017726,0.017696,-0.018485,0.457438,0.486893,-0.473035,0.57439,83.0,3.0,4.0,APULL,28,Idle
22.07,0.081139,-0.098732,0.116465,-0.992079,0.099001,-0.077316,-0.036928,0.078337,-0.041276,0.456825,0.487,-0.473469,0.574429,83.0,3.0,4.0,APULL,28,Idle
22.08,0.182514,-0.058111,0.153132,-0.992008,0.10022,-0.076653,-0.024136,0.089035,-0.006599,0.455918,0.487228,-0.473585,0.574861,83.0,3.0,4.0,APULL,28,Idle
22.09,0.168189,-0.07076,0.158058,-0.991892,0.101665,-0.076259,0.019006,0.028523,0.013759,0.454868,0.487439,-0.473575,0.575522,83.0,3.0,4.0,APULL,28,Idle
22.1,0.035852,-0.103929,0.153116,-0.991799,0.103136,-0.075486,0.038643,-0.02112,-0.003478,0.453948,0.487566,-0.473853,0.575912,83.0,3.0,4.0,APULL,28,Idle
22.11,0.024157,-0.089156,0.160297,-0.991762,0.104132,-0.074594,0.035769,-0.022879,-0.011298,0.453377,0.487643,-0.474244,0.575974,83.0,3.0,4.0,APULL,28,Idle
22.12,-0.018353,-0.052476,0.146723,-0.991792,0.10453,-0.073634,0.016115,-0.016822,-0.002751,0.452971,0.487877,-0.474509,0.575877,83.0,3.0,4.0,APULL,28,Idle
22.13,0.001422,-0.038104,0.122548,-0.991782,0.104816,-0.073367,-0.019617,0.011959,-0.019467,0.452857,0.487859,-0.474668,0.575851,83.0,3.0,4.0,APULL,28,Idle
22.14,0.047159,-0.016307,0.119779,-0.991644,0.106109,-0.073373,-0.040873,0.02501,-0.009894,0.452409,0.487608,-0.474922,0.576205,83.0,3.0,4.0,APULL,28,Idle
22.15,0.151654,0.015674,0.09315,-0.991415,0.107814,-0.07398,-0.022028,0.042516,0.007772,0.451756,0.487273,-0.474947,0.576981,83.0,3.0,4.0,APULL,28,Idle
22.16,0.135145,-0.010651,0.073193,-0.991218,0.109394,-0.074301,0.023002,-0.008198,0.019034,0.450953,0.487146,-0.474909,0.577747,83.0,3.0,4.0,APULL,28,Idle
22.17,0.020369,-0.057501,0.067766,-0.991143,0.110326,-0.073916,0.03634,-0.070531,0.004351,0.450363,0.487221,-0.475035,0.578041,83.0,3.0,4.0,APULL,28,Idle
22.18,-0.027672,-0.067524,0.059025,-0.991145,0.110658,-0.073395,0.021647,-0.064744,0.012681,0.450139,0.487296,-0.475232,0.57799,83.0,3.0,4.0,APULL,28,Idle
22.19,-0.030658,-0.053642,0.039324,-0.991153,0.110849,-0.073001,0.002734,0.00083,0.019152,0.450069,0.487298,-0.475437,0.577874,83.0,3.0,4.0,APULL,28,Idle
22.2,0.018567,-0.062123,0.025801,-0.991195,0.110799,-0.072502,-0.024659,0.029094,-0.018776,0.449968,0.487453,-0.475541,0.577737,83.0,3.0,4.0,APULL,28,Idle
22.21,0.069025,-0.047349,0.066449,-0.991151,0.111266,-0.072385,-0.029525,0.058152,0.001249,0.449667,0.487487,-0.475567,0.577921,83.0,3.0,4.0,APULL,28,Idle
22.22,0.163342,-0.025499,0.08498,-0.991052,0.112218,-0.072268,-0.023337,0.055522,-0.012418,0.449023,0.487571,-0.475542,0.57837,83.0,3.0,4.0,APULL,28,Idle
22.23,0.107492,-0.025242,0.068137,-0.990913,0.113581,-0.072046,0.001671,0.016623,0.03399,0.448154,0.487653,-0.475576,0.578948,83.0,3.0,4.0,APULL,28,Idle
22.24,-0.006213,-0.06055,0.043289,-0.99093,0.113877,-0.071346,0.022668,-0.04828,0.015376,0.447766,0.487895,-0.475695,0.578946,83.0,3.0,4.0,APULL,28,Idle
22.25,-0.120828,-0.073454,0.038144,-0.991092,0.112916,-0.070615,0.044147,-0.073075,0.018887,0.448026,0.488213,-0.475753,0.578429,83.0,3.0,4.0,APULL,28,Idle
22.26,-0.167647,-0.076416,0.039599,-0.991255,0.11216,-0.069522,0.02925,-0.026619,0.013492,0.448423,0.488351,-0.476185,0.577649,83.0,3.0,4.0,APULL,28,Idle
22.27,-0.030729,-0.033266,0.00638,-0.991293,0.112447,-0.068516,-0.002039,0.022288,-0.043361,0.4484,0.488326,-0.476738,0.577232,83.0,3.0,4.0,APULL,28,Idle
22.28,0.056466,0.034915,-0.002896,-0.991224,0.112825,-0.068891,-0.012469,0.066573,-0.023868,0.448304,0.488188,-0.476684,0.577467,83.0,3.0,4.0,APULL,28,Idle
22.29,0.122202,0.03899,-0.005335,-0.991113,0.113462,-0.069433,-0.009467,0.048083,-0.021784,0.448002,0.48808,-0.476509,0.577937,83.0,3.0,4.0,APULL,28,Idle
22.3,0.162293,0.050574,0.022623,-0.990981,0.114151,-0.070192,0.009642,0.026306,0.011552,0.447579,0.488027,-0.476166,0.578593,83.0,3.0,4.0,APULL,28,Idle
22.31,0.11804,0.062234,0.050217,-0.990902,0.114678,-0.07045,0.020382,0.011391,0.041215,0.447068,0.488169,-0.475884,0.579099,83.0,3.0,4.0,APULL,28,Idle
22.32,0.122815,0.036928,0.04565,-0.990905,0.114368,-0.070904,0.004058,0.003094,-0.031284,0.446926,0.488391,-0.475418,0.579404,83.0,3.0,4.0,APULL,28,Idle
22.33,0.160726,0.054001,0.069079,-0.990986,0.113488,-0.07118,-0.019145,0.005394,-0.015795,0.446808,0.488884,-0.474766,0.579614,83.0,3.0,4.0,APULL,28,Idle
22.34,0.155979,0.078655,0.081038,-0.990937,0.113576,-0.07173,-0.012848,0.028468,0.022856,0.446462,0.489071,-0.474283,0.580118,83.0,3.0,4.0,APULL,28,Idle
22.35,0.181112,0.053152,0.02597,-0.990712,0.114413,-0.07348,0.039372,-0.00011,0.034372,0.446105,0.488792,-0.473648,0.581146,83.0,3.0,4.0,APULL,28,Idle
22.36,0.03761,0.033503,0.028741,-0.990479,0.11582,-0.074409,0.059418,-0.036367,0.036185,0.445587,0.488449,-0.473512,0.581942,83.0,3.0,4.0,APULL,28,Idle
22.37,-0.04027,0.050584,0.050465,-0.990269,0.117166,-0.075103,0.029224,-0.013131,-0.002137,0.445381,0.487904,-0.473707,0.582398,83.0,3.0,4.0,APULL,28,Idle
22.38,-0.011962,0.082379,0.072607,-0.990104,0.118389,-0.075357,-0.025231,0.021671,-0.039908,0.445224,0.487421,-0.47407,0.582627,83.0,3.0,4.0,APULL,28,Idle
22.39,0.0665,0.109036,0.096529,-0.989982,0.119383,-0.075391,-0.040383,0.05504,-0.039279,0.44488,0.487221,-0.474257,0.582905,83.0,3.0,4.0,APULL,28,Idle
22.4,0.153916,0.151884,0.138095,-0.989702,0.120448,-0.077351,-0.012236,0.072744,0.004109,0.444701,0.48666,-0.4738,0.583881,83.0,3.0,4.0,APULL,28,Idle
22.41,0.197052,0.156196,0.156474,-0.989397,0.121655,-0.079331,0.013994,0.028934,-0.014541,0.444275,0.486227,-0.4732,0.585051,83.0,3.0,4.0,APULL,28,Idle
22.42,0.132094,0.142029,0.181379,-0.989088,0.12378,-0.079897,0.016386,0.004684,-0.005736,0.443301,0.48594,-0.473196,0.586031,83.0,3.0,4.0,APULL,28,Idle
22.43,0.095714,0.14851,0.187304,-0.988864,0.125385,-0.080166,0.001239,0.010418,-0.010089,0.442627,0.485687,-0.473312,0.586655,83.0,3.0,4.0,APULL,28,Idle
22.44,0.199619,0.154124,0.168432,-0.988836,0.125484,-0.080363,0.005757,0.014622,-0.02091,0.442212,0.485955,-0.472934,0.587052,83.0,3.0,4.0,APULL,28,Idle
22.45,0.16029,0.151487,0.17614,-0.988591,0.126315,-0.082046,0.015371,0.016858,0.009597,0.4418,0.485712,-0.472293,0.588078,83.0,3.0,4.0,APULL,28,Idle
22.46,0.191737,0.151597,0.158258,-0.98812,0.128162,-0.084811,0.010886,0.000393,-0.005628,0.441376,0.484876,-0.471688,0.58957,83.0,3.0,4.0,APULL,28,Idle
22.47,0.198158,0.153252,0.137613,-0.987535,0.130834,-0.087505,0.024583,-0.008917,0.022884,0.440605,0.483924,-0.471238,0.591286,83.0,3.0,4.0,APULL,28,Idle
22.48,0.201554,0.083816,0.096823,-0.987041,0.133942,-0.088373,0.025691,-0.002518,0.007914,0.439388,0.483314,-0.471403,0.592558,83.0,3.0,4.0,APULL,28,Idle
22.49,0.143981,0.081627,0.11004,-0.98675,0.13529,-0.089563,0.008097,-0.016317,0.078027,0.438727,0.483064,-0.471028,0.593548,83.0,3.0,4.0,APULL,28,Idle
22.5,0.055048,0.055921,0.135865,-0.986545,0.136277,-0.090316,0.000355,-0.035035,0.052535,0.438312,0.482838,-0.47086,0.594172,83.0,3.0,4.0,APULL,28,Idle
22.51,-0.053012,0.003131,0.138164,-0.986336,0.137607,-0.09058,0.022072,-0.030887,0.016239,0.437981,0.482435,-0.471133,0.594527,83.0,3.0,4.0,APULL,28,Idle
22.52,-0.056159,-0.016298,0.143351,-0.986111,0.139101,-0.090749,0.015546,-0.014788,0.009115,0.437716,0.481913,-0.471578,0.594794,83.0,3.0,4.0,APULL,28,Idle
22.53,-0.060001,-0.004093,0.153606,-0.985941,0.140797,-0.089978,0.007639,0.007229,0.012922,0.437244,0.481562,-0.472344,0.594817,83.0,3.0,4.0,APULL,28,Idle
22.54,-0.08042,-0.006524,0.143719,-0.985793,0.141875,-0.089908,0.008666,0.004899,0.006458,0.437077,0.481185,-0.472765,0.59491,83.0,3.0,4.0,APULL,28,Idle
22.55,-0.050224,-0.028773,0.140018,-0.985761,0.142752,-0.088867,0.001371,0.005365,-0.038804,0.43679,0.481108,-0.473394,0.594683,83.0,3.0,4.0,APULL,28,Idle
22.56,-0.048563,-0.003767,0.143733,-0.985627,0.143947,-0.088427,-0.011856,0.013203,0.005633,0.436472,0.480836,-0.473902,0.594732,83.0,3.0,4.0,APULL,28,Idle
22.57,-0.012612,-0.006591,0.105289,-0.985771,0.144461,-0.085944,-0.006203,-0.002021,0.001624,0.435907,0.481311,-0.474729,0.594102,83.0,3.0,4.0,APULL,28,Idle
22.58,-0.051198,-0.027514,0.094083,-0.985978,0.144039,-0.084262,0.029862,-0.026791,0.007617,0.435725,0.481842,-0.475076,0.593527,83.0,3.0,4.0,APULL,28,Idle
22.59,-0.075918,-0.047955,0.087561,-0.986057,0.143896,-0.083579,0.018543,-0.019049,-0.003518,0.435807,0.48192,-0.475357,0.593179,83.0,3.0,4.0,APULL,28,Idle
22.6,0.016306,-0.045896,0.056946,-0.986081,0.144036,-0.083053,-0.004733,0.01113,-0.002427,0.43573,0.48197,-0.475582,0.593014,83.0,3.0,4.0,APULL,28,Idle
22.61,0.006747,-0.032256,0.044584,-0.986031,0.144662,-0.082555,-0.000999,0.024848,0.038152,0.435381,0.482002,-0.475812,0.593061,83.0,3.0,4.0,APULL,28,Idle
22.62,-0.019057,-0.070961,0.022664,-0.986004,0.145099,-0.082108,0.018124,-0.009128,0.010209,0.435169,0.482008,-0.47604,0.593028,83.0,3.0,4.0,APULL,28,Idle
22.63,-0.047857,-0.081558,0.039358,-0.985913,0.145435,-0.082613,0.029736,-0.024738,0.004106,0.435222,0.48175,-0.476036,0.593202,83.0,3.0,4.0,APULL,28,Idle
22.64,-0.016956,-0.086424,0.05018,-0.98588,0.146169,-0.081707,0.018381,0.000117,-0.013218,0.4349,0.481751,-0.476511,0.593056,83.0,3.0,4.0,APULL,28,Idle
22.65,0.043926,-0.062822,0.057033,-0.985886,0.146464,-0.081103,-0.009582,0.01914,-0.027097,0.434599,0.481915,-0.476662,0.593022,83.0,3.0,4.0,APULL,28,Idle
22.66,0.012468,-0.036441,0.082034,-0.985985,0.14608,-0.080589,-0.022179,0.027779,0.007102,0.434475,0.482254,-0.476588,0.592896,83.0,3.0,4.0,APULL,28,Idle
22.67,-0.016767,-0.033523,0.089772,-0.985971,0.146179,-0.080585,0.008965,0.026978,0.002933,0.43444,0.482235,-0.47661,0.59292,83.0,3.0,4.0,APULL,28,Idle
22.68,-0.045455,-0.046945,0.092144,-0.985815,0.147366,-0.080322,0.042959,0.014408,0.0103,0.434083,0.481975,-0.47701,0.59307,83.0,3.0,4.0,APULL,28,Idle
22.69,-0.016566,-0.050206,0.083509,-0.985706,0.149119,-0.078407,0.024021,0.012243,-0.020501,0.433321,0.481943,-0.478046,0.592821,83.0,3.0,4.0,APULL,28,Idle
22.7,0.014208,-0.023141,0.092741,-0.985677,0.149586,-0.077885,0.009816,0.019054,-0.018337,0.433035,0.482002,-0.478259,0.59281,83.0,3.0,4.0,APULL,28,Idle
22.71,0.018189,-0.011292,0.081092,-0.985681,0.149542,-0.077906,0.004755,0.03837,-0.033056,0.432983,0.482062,-0.478187,0.592856,83.0,3.0,4.0,APULL,28,Idle
22.72,0.106732,0.00812,0.045295,-0.985545,0.150071,-0.078616,-0.001714,0.016341,-0.041303,0.432779,0.481896,-0.477983,0.593305,83.0,3.0,4.0,APULL,28,Idle
22.73,0.052962,0.026007,0.036398,-0.985329,0.150812,-0.079886,-0.001365,-0.005884,0.007163,0.432574,0.481567,-0.477651,0.593989,83.0,3.0,4.0,APULL,28,Idle
22.74,0.035747,0.01319,0.034096,-0.985192,0.151731,-0.079837,0.00158,-0.01695,0.014667,0.432195,0.481432,-0.477813,0.594245,83.0,3.0,4.0,APULL,28,Idle
22.75,0.048308,0.018419,0.051022,-0.98501,0.152833,-0.079981,0.023737,0.000259,0.0254,0.431778,0.481216,-0.477954,0.594607,83.0,3.0,4.0,APULL,28,Idle
22.76,0.035443,-0.002183,0.069652,-0.984845,0.153933,-0.079904,0.037274,0.020277,0.010477,0.431328,0.481052,-0.47816,0.594902,83.0,3.0,4.0,APULL,28,Idle
22.77,-0.010604,-0.017257,0.072309,-0.984649,0.15493,-0.080396,0.030318,0.015755,-0.009784,0.431074,0.48072,-0.478237,0.595292,83.0,3.0,4.0,APULL,28,Idle
22.78,-0.042938,-0.013526,0.097461,-0.984424,0.156201,-0.080686,-0.004605,0.01041,-0.012377,0.43083,0.480267,-0.47854,0.595591,83.0,3.0,4.0,APULL,28,Idle
22.79,-0.022284,0.004404,0.110372,-0.984038,0.158196,-0.081507,-0.018587,0.019127,-0.011023,0.430515,0.479462,-0.478919,0.596163,83.0,3.0,4.0,APULL,28,Idle
22.8,0.090409,0.024305,0.098654,-0.983734,0.159391,-0.082832,-0.00943,0.023501,-0.016533,0.430325,0.47889,-0.478798,0.596856,83.0,3.0,4.0,APULL,28,Idle
22.81,0.086062,0.025411,0.088649,-0.983668,0.159769,-0.082889,0.006022,0.021719,-0.001965,0.429944,0.479005,-0.478654,0.597154,83.0,3.0,4.0,APULL,28,Idle
22.82,0.072071,0.019378,0.083909,-0.983668,0.159853,-0.082725,0.009959,-0.005953,0.012001,0.429644,0.479223,-0.478521,0.597301,83.0,3.0,4.0,APULL,28,Idle
22.83,0.022052,-0.012776,0.048497,-0.983643,0.160369,-0.082031,0.008514,-0.023849,0.001556,0.429215,0.47939,-0.478717,0.597319,83.0,3.0,4.0,APULL,28,Idle
22.84,0.019581,-0.000214,0.061784,-0.983495,0.161464,-0.081658,-0.000743,-0.003443,0.006265,0.428773,0.479252,-0.479049,0.59748,83.0,3.0,4.0,APULL,28,Idle
22.85,0.031568,0.020928,0.061647,-0.983292,0.162449,-0.082138,-0.003921,0.001461,0.014419,0.428514,0.478928,-0.479124,0.597867,83.0,3.0,4.0,APULL,28,Idle
22.86,0.00497,0.00625,0.05537,-0.98315,0.163083,-0.082591,0.004817,0.003818,-0.00559,0.428364,0.47869,-0.479124,0.598164,83.0,3.0,4.0,APULL,28,Idle
22.87,-0.006942,0.015221,0.045001,-0.982987,0.163892,-0.08293,0.001984,0.011783,-0.029482,0.428221,0.478373,-0.479264,0.598408,83.0,3.0,4.0,APULL,28,Idle
22.88,0.071536,0.00814,0.038991,-0.982798,0.164731,-0.083502,0.003031,0.011814,-0.022348,0.427991,0.478085,-0.479253,0.598811,83.0,3.0,4.0,APULL,28,Idle
22.89,0.056945,0.026758,0.037642,-0.982637,0.165536,-0.083804,0.012422,0.00228,0.04378,0.427612,0.477963,-0.479218,0.599208,83.0,3.0,4.0,APULL,28,Idle
22.9,0.042314,0.034119,0.028678,-0.982626,0.165561,-0.083878,0.019385,-0.008807,0.011032,0.427508,0.478026,-0.479116,0.599313,83.0,3.0,4.0,APULL,28,Idle
22.91,0.048074,0.001862,0.006942,-0.982717,0.164933,-0.084056,0.021291,-0.008637,-0.023305,0.427577,0.478258,-0.478792,0.599338,83.0,3.0,4.0,APULL,28,Idle
22.92,-0.034901,0.017897,0.021299,-0.982735,0.164897,-0.083907,-0.012474,0.015309,0.016677,0.427543,0.478319,-0.478809,0.5993,83.0,3.0,4.0,APULL,28,Idle
22.93,0.043316,0.024694,0.004238,-0.982731,0.165014,-0.083723,-0.015743,0.01359,0.003844,0.427483,0.478329,-0.478894,0.599266,83.0,3.0,4.0,APULL,28,Idle
22.94,0.032927,-0.009127,0.003601,-0.982704,0.165041,-0.083994,0.033821,0.003157,0.018137,0.427387,0.478363,-0.478719,0.599447,83.0,3.0,4.0,APULL,28,Idle
22.95,-0.017612,0.003605,0.027624,-0.982573,0.165468,-0.08468,0.030867,-0.010393,0.011453,0.427364,0.478098,-0.478626,0.59975,83.0,3.0,4.0,APULL,28,Idle
22.96,-0.024078,0.015663,0.007688,-0.982436,0.165963,-0.085302,0.011794,-0.022958,0.005835,0.42741,0.477751,-0.478647,0.599977,83.0,3.0,4.0,APULL,28,Idle
22.97,-0.057174,0.006471,-0.00212,-0.9825,0.166144,-0.084199,-0.008543,-0.016913,-0.017699,0.427286,0.477883,-0.479091,0.599605,83.0,3.0,4.0,APULL,28,Idle
22.98,-0.004584,0.009802,-0.00744,-0.982556,0.165957,-0.083915,-0.016773,0.018994,-0.015099,0.427403,0.477912,-0.47921,0.599403,83.0,3.0,4.0,APULL,28,Idle
22.99,0.077694,0.054929,0.008154,-0.982495,0.165773,-0.084985,-0.012424,0.045683,0.00184,0.427555,0.477763,-0.478801,0.599741,83.0,3.0,4.0,APULL,28,Idle
43.5,-0.121947,0.10496,0.002329,-0.985129,0.171533,0.009882,0.009451,0.020789,0.07012,0.483134,0.42523,-0.569316,0.511508,83.0,3.0,4.0,APULL,28,Idle
43.51,-0.192899,0.125559,0.004434,-0.985284,0.170672,0.009329,0.02459,0.011716,0.01864,0.483955,0.424848,-0.569358,0.511002,83.0,3.0,4.0,APULL,28,Idle
43.52,-0.150299,0.032534,0.013342,-0.985326,0.170472,0.008504,0.022908,0.007018,-0.051564,0.484689,0.424197,-0.569481,0.51071,83.0,3.0,4.0,APULL,28,Idle
43.53,-0.132468,0.030913,0.021312,-0.985301,0.17063,0.008212,0.00558,0.01246,-0.039432,0.485061,0.423709,-0.569717,0.510499,83.0,3.0,4.0,APULL,28,Idle
43.54,-0.088767,0.140015,0.003024,-0.985255,0.170923,0.007613,-0.027913,0.014624,-0.019743,0.485477,0.423114,-0.569896,0.510398,83.0,3.0,4.0,APULL,28,Idle
43.55,0.005,0.117448,-0.029501,-0.985306,0.170664,0.00684,-0.019974,-0.003947,-0.034413,0.485883,0.422859,-0.569746,0.510389,83.0,3.0,4.0,APULL,28,Idle
43.56,0.02586,0.074052,-0.028304,-0.985429,0.169965,0.006391,0.008302,-0.002927,-0.009443,0.486181,0.422959,-0.569474,0.510326,83.0,3.0,4.0,APULL,28,Idle
43.57,0.052943,0.134789,-0.009215,-0.985398,0.170139,0.006582,0.013062,-0.015415,0.021815,0.486024,0.423022,-0.569511,0.510382,83.0,3.0,4.0,APULL,28,Idle
43.58,-0.007427,0.126757,-0.017328,-0.985258,0.170895,0.007895,0.005643,-0.016644,0.004037,0.485496,0.423091,-0.570037,0.510241,83.0,3.0,4.0,APULL,28,Idle
43.59,-0.04833,0.111917,-0.027969,-0.985204,0.17122,0.007475,0.001745,0.011656,-0.011351,0.485658,0.422748,-0.570106,0.510293,83.0,3.0,4.0,APULL,28,Idle
43.6,0.022876,0.064669,-0.025937,-0.985208,0.171293,0.00497,-0.000235,0.029315,-0.02653,0.486311,0.422137,-0.56946,0.510898,83.0,3.0,4.0,APULL,28,Idle
43.61,0.051011,0.086873,-0.012928,-0.985179,0.171506,0.002962,0.007731,0.033374,0.019407,0.48668,0.421728,-0.568882,0.511529,83.0,3.0,4.0,APULL,28,Idle
43.62,-0.008897,0.141199,0.007258,-0.985144,0.171724,0.001408,0.016898,0.009443,0.055629,0.486974,0.42137,-0.568464,0.512008,83.0,3.0,4.0,APULL,28,Idle
43.63,-0.140697,0.119308,0.005498,-0.985165,0.171609,-0.000622,0.017865,-0.008615,0.031521,0.487753,0.420694,-0.568072,0.512257,83.0,3.0,4.0,APULL,28,Idle
43.64,-0.233748,0.066527,-0.006802,-0.985181,0.171515,-0.00124,0.023663,-0.003775,-0.003506,0.488456,0.420005,-0.568309,0.511889,83.0,3.0,4.0,APULL,28,Idle
43.65,-0.250682,0.072094,-0.005403,-0.985268,0.171019,-0.000612,0.022209,-0.002608,-0.018721,0.489077,0.419563,-0.568912,0.510989,83.0,3.0,4.0,APULL,28,Idle
43.66,-0.197507,0.072136,0.004957,-0.985374,0.170407,-0.00045,0.00817,-0.00575,-0.03814,0.489802,0.419097,-0.569326,0.510214,83.0,3.0,4.0,APULL,28,Idle
43.67,-0.128788,0.062625,0.016586,-0.985273,0.170987,-0.000936,-0.001971,-0.002133,-0.034678,0.490211,0.418337,-0.569672,0.51006,83.0,3.0,4.0,APULL,28,Idle
43.68,-0.05456,0.059557,0.000802,-0.985052,0.172245,-0.002169,0.004568,0.01965,-0.014906,0.490445,0.417427,-0.569798,0.510439,83.0,3.0,4.0,APULL,28,Idle
43.69,-0.009199,0.085499,-0.01109,-0.984822,0.173556,-0.001827,0.018315,0.024335,0.019893,0.490142,0.416985,-0.570272,0.510563,83.0,3.0,4.0,APULL,28,Idle
43.7,0.003161,0.101452,-0.002908,-0.984766,0.173883,-0.000409,0.026529,0.000387,0.014219,0.489752,0.417139,-0.570781,0.510242,83.0,3.0,4.0,APULL,28,Idle
43.71,0.0015,0.062068,-6.2e-05,-0.984826,0.173547,4.9e-05,0.022957,-0.020151,-0.021823,0.489765,0.417289,-0.570871,0.510006,83.0,3.0,4.0,APULL,28,Idle
43.72,-0.018103,0.057314,0.013385,-0.984822,0.173567,-0.000658,0.008031,-0.020903,-0.029036,0.489967,0.417099,-0.570701,0.510158,83.0,3.0,4.0,APULL,28,Idle
43.73,-0.016875,0.07982,-0.004459,-0.984818,0.173577,-0.001994,-0.005813,0.002296,-0.021901,0.49039,0.416706,-0.570402,0.510407,83.0,3.0,4.0,APULL,28,Idle
43.74,0.050087,0.047482,-0.017325,-0.984874,0.173225,-0.003994,-0.005894,0.012734,-0.009739,0.490956,0.416406,-0.569745,0.510842,83.0,3.0,4.0,APULL,28,Idle
43.75,0.067351,0.066729,-0.008845,-0.984917,0.172935,-0.005734,0.007988,0.003915,0.016751,0.491331,0.416265,-0.569084,0.511333,83.0,3.0,4.0,APULL,28,Idle
43.76,0.047873,0.054162,-0.006333,-0.984812,0.173488,-0.006867,0.013621,-0.013591,0.017869,0.491339,0.416006,-0.568775,0.511878,83.0,3.0,4.0,APULL,28,Idle
43.77,-0.004814,0.006321,-0.024714,-0.984678,0.174266,-0.00633,0.011244,-0.010661,0.017271,0.490961,0.415944,-0.569057,0.511979,83.0,3.0,4.0,APULL,28,Idle
43.78,-0.017024,0.016681,-0.021421,-0.98469,0.174228,-0.005447,0.007853,0.000973,0.037185,0.490801,0.416089,-0.569338,0.511701,83.0,3.0,4.0,APULL,28,Idle
43.79,-0.012201,0.049872,0.00183,-0.984822,0.173444,-0.006493,0.012456,0.004717,0.036401,0.491323,0.416026,-0.568925,0.511712,83.0,3.0,4.0,APULL,28,Idle
43.8,0.055437,-0.016938,0.007995,-0.984939,0.172731,-0.007679,0.016464,0.022399,-0.010937,0.491749,0.416038,-0.568396,0.511882,83.0,3.0,4.0,APULL,28,Idle
43.81,0.042365,-0.054747,0.014147,-0.984901,0.172934,-0.008025,0.033912,0.045404,-0.008546,0.491629,0.416074,-0.568216,0.512166,83.0,3.0,4.0,APULL,28,Idle
43.82,0.057207,-0.044451,0.010008,-0.984803,0.173501,-0.007823,0.037903,0.035987,0.008968,0.491278,0.416124,-0.568269,0.512404,83.0,3.0,4.0,APULL,28,Idle
43.83,0.06849,-0.085659,0.026393,-0.984755,0.173818,-0.00667,0.014785,0.001185,0.006991,0.490727,0.416483,-0.568512,0.51237,83.0,3.0,4.0,APULL,28,Idle
43.84,0.024274,-0.098447,0.054239,-0.984764,0.173819,-0.005194,-0.004112,-0.0147,0.022574,0.490202,0.416976,-0.5688,0.512152,83.0,3.0,4.0,APULL,28,Idle
43.85,-0.021439,-0.052398,0.056445,-0.984724,0.174079,-0.003832,-0.005098,-0.015113,0.046297,0.489757,0.417237,-0.569208,0.511912,83.0,3.0,4.0,APULL,28,Idle
43.86,-0.0898,-0.04541,0.046261,-0.984624,0.174676,-0.002029,0.007253,-0.005471,0.030609,0.489286,0.417304,-0.56995,0.511482,83.0,3.0,4.0,APULL,28,Idle
43.87,-0.071623,-0.084703,0.043491,-0.984513,0.175314,-4.1e-05,0.003296,-0.005712,-0.014821,0.488818,0.41733,-0.570802,0.510957,83.0,3.0,4.0,APULL,28,Idle
43.88,-0.029103,-0.049265,0.064507,-0.984273,0.176654,1.2e-05,-0.010936,-0.022097,-0.030728,0.488551,0.416848,-0.571177,0.511187,83.0,3.0,4.0,APULL,28,Idle
43.89,-0.016921,-0.005703,0.047388,-0.983882,0.17882,-0.000235,-0.011068,-0.001269,-0.031183,0.488083,0.416129,-0.571593,0.511754,83.0,3.0,4.0,APULL,28,Idle
43.9,-0.022574,0.020984,0.017814,-0.983642,0.180132,-0.000303,0.001709,0.030073,-0.043581,0.487824,0.41566,-0.571905,0.512035,83.0,3.0,4.0,APULL,28,Idle
43.91,0.047454,-0.018111,-0.00969,-0.983651,0.180083,-0.000347,0.011773,0.020326,-0.071872,0.487821,0.415695,-0.57186,0.512059,83.0,3.0,4.0,APULL,28,Idle
43.92,0.086206,-0.008002,-0.009511,-0.983733,0.179639,-3.6e-05,0.014357,-0.009,-0.048197,0.487682,0.416088,-0.571711,0.512039,83.0,3.0,4.0,APULL,28,Idle
43.93,0.097595,0.053194,0.010756,-0.983794,0.179304,0.000245,0.012389,-0.030897,-0.013672,0.487473,0.416498,-0.571534,0.512102,83.0,3.0,4.0,APULL,28,Idle
43.94,0.021961,0.024662,0.019039,-0.983795,0.1793,0.000191,0.018066,-0.01835,-0.010475,0.487343,0.416649,-0.571401,0.512252,83.0,3.0,4.0,APULL,28,Idle
43.95,-0.033012,-0.029586,0.002546,-0.983809,0.179222,-4.7e-05,0.014952,0.005684,-0.007522,0.487448,0.416592,-0.571339,0.512267,83.0,3.0,4.0,APULL,28,Idle
43.96,-0.037992,-0.020879,-0.012817,-0.983906,0.178689,-0.000217,-0.005993,0.011756,0.016987,0.487707,0.416624,-0.571241,0.512104,83.0,3.0,4.0,APULL,28,Idle
43.97,-0.054735,0.034123,-0.010948,-0.983935,0.178524,-0.000604,-0.019086,0.001652,0.05964,0.487966,0.416456,-0.571194,0.512047,83.0,3.0,4.0,APULL,28,Idle
43.98,-0.085576,0.10686,-0.010812,-0.983893,0.178751,-0.00168,-0.017389,-0.03216,0.060228,0.48837,0.415941,-0.571098,0.512186,83.0,3.0,4.0,APULL,28,Idle
43.99,-0.142379,0.100088,-0.002272,-0.983855,0.178938,-0.00331,-0.009263,-0.047758,-0.008408,0.489055,0.415172,-0.570944,0.512328,83.0,3.0,4.0,APULL,28,Idle
44.0,-0.206699,0.073783,-0.018933,-0.983877,0.178797,-0.004239,0.00881,-0.017832,-0.067492,0.489806,0.414475,-0.571044,0.512064,83.0,3.0,4.0,APULL,28,Idle
44.01,-0.140297,0.057103,-0.032281,-0.983963,0.178311,-0.004602,0.017151,0.017032,-0.086417,0.490513,0.413991,-0.571236,0.511564,83.0,3.0,4.0,APULL,28,Idle
44.02,-0.010964,0.022176,-0.037155,-0.984045,0.177849,-0.004928,0.007544,0.036811,-0.075776,0.490929,0.413816,-0.57122,0.511325,83.0,3.0,4.0,APULL,28,Idle
44.03,0.103385,0.067041,-0.041874,-0.9841,0.177534,-0.005422,0.013534,0.035388,0.001607,0.491031,0.413917,-0.570931,0.511468,83.0,3.0,4.0,APULL,28,Idle
44.04,0.150737,0.089267,-0.020656,-0.984137,0.177299,-0.00634,0.026419,0.007363,0.026085,0.491002,0.414144,-0.570364,0.511944,83.0,3.0,4.0,APULL,28,Idle
44.05,0.058855,0.033697,-0.005117,-0.984155,0.177182,-0.006707,0.029596,-0.01022,0.025918,0.490883,0.414367,-0.570041,0.512238,83.0,3.0,4.0,APULL,28,Idle
44.06,0.011346,0.049462,0.009069,-0.984193,0.176976,-0.006606,0.011613,-0.026754,0.02333,0.490851,0.414515,-0.569978,0.512219,83.0,3.0,4.0,APULL,28,Idle
44.07,0.009474,0.038908,0.022134,-0.98423,0.176751,-0.007129,-0.033348,-0.004724,-0.00018,0.491041,0.414466,-0.569784,0.512292,83.0,3.0,4.0,APULL,28,Idle
44.08,0.037331,0.057948,0.013786,-0.984211,0.176811,-0.00822,-0.039608,0.032509,0.009837,0.491247,0.41427,-0.569447,0.512627,83.0,3.0,4.0,APULL,28,Idle
44.09,0.032413,0.085062,-0.020865,-0.984164,0.176994,-0.009749,-0.008039,0.045128,0.030974,0.491508,0.413966,-0.568997,0.513122,83.0,3.0,4.0,APULL,28,Idle
44.1,-0.020996,0.049389,-0.049149,-0.984155,0.176965,-0.011076,0.025934,0.002769,0.027113,0.491851,0.413683,-0.56862,0.51344,83.0,3.0,4.0,APULL,28,Idle
44.11,-0.089144,0.005643,-0.026498,-0.984161,0.176924,-0.011171,0.02092,-0.067885,0.019884,0.492023,0.413521,-0.568696,0.513322,83.0,3.0,4.0,APULL,28,Idle
44.12,-0.202487,0.02347,-0.004279,-0.984161,0.176948,-0.010754,0.002045,-0.081382,0.021313,0.49229,0.413186,-0.569123,0.512862,83.0,3.0,4.0,APULL,28,Idle
44.13,-0.322442,0.046936,-0.055692,-0.984215,0.176674,-0.010291,-0.012336,-0.03402,0.021201,0.492947,0.412586,-0.56976,0.512005,83.0,3.0,4.0,APULL,28,Idle
44.14,-0.237574,0.06409,-0.099522,-0.984409,0.175609,-0.009989,-0.016613,-0.016902,0.010569,0.493901,0.41212,-0.57023,0.510936,83.0,3.0,4.0,APULL,28,Idle
44.15,-0.14017,0.083491,-0.081913,-0.984585,0.174597,-0.010364,0.002728,-0.008551,-0.005093,0.494753,0.411779,-0.570312,0.510295,83.0,3.0,4.0,APULL,28,Idle
44.16,-0.112289,0.099262,-0.078157,-0.98465,0.174197,-0.010893,0.029649,0.020703,-0.011034,0.495342,0.411386,-0.570364,0.509983,83.0,3.0,4.0,APULL,28,Idle
44.17,-0.071114,0.097803,-0.088272,-0.984687,0.17396,-0.011348,0.03292,0.018728,-0.048665,0.495795,0.411047,-0.570409,0.509766,83.0,3.0,4.0,APULL,28,Idle
44.18,-0.053585,0.013025,-0.064324,-0.984793,0.173359,-0.011402,0.031561,0.004558,-0.068066,0.496128,0.411026,-0.5704,0.509469,83.0,3.0,4.0,APULL,28,Idle
44.19,-0.132496,0.00466,-0.0076,-0.985032,0.172028,-0.010865,0.030259,0.005859,-0.006133,0.49655,0.411288,-0.570447,0.508793,83.0,3.0,4.0,APULL,28,Idle
44.2,-0.235848,0.089601,0.020775,-0.985221,0.170954,-0.010658,0.003456,0.022436,0.033561,0.497263,0.411097,-0.570676,0.507994,83.0,3.0,4.0,APULL,28,Idle
44.21,-0.233837,0.125452,0.040789,-0.985231,0.170873,-0.011097,-0.010543,0.03541,0.001179,0.498039,0.410301,-0.571056,0.50745,83.0,3.0,4.0,APULL,28,Idle
44.22,-0.14182,0.037493,0.026878,-0.985189,0.171092,-0.011436,-0.004313,0.062383,-0.060646,0.498574,0.409595,-0.571414,0.507092,83.0,3.0,4.0,APULL,28,Idle
44.23,-0.025292,0.039524,0.024138,-0.985148,0.171308,-0.011681,0.005946,0.067492,-0.036659,0.498801,0.409231,-0.571568,0.506989,83.0,3.0,4.0,APULL,28,Idle
44.24,0.006704,0.083081,0.016772,-0.985051,0.171819,-0.012383,0.013325,0.046015,-0.017219,0.498878,0.408896,-0.5715,0.50726,83.0,3.0,4.0,APULL,28,Idle
44.25,-0.04668,0.048018,-0.026979,-0.984992,0.17206,-0.013604,0.038886,0.003034,-0.007926,0.499189,0.408491,-0.571256,0.507556,83.0,3.0,4.0,APULL,28,Idle
44.26,-0.15825,0.003898,-0.004115,-0.984995,0.17199,-0.014294,0.035135,-0.053918,0.017865,0.499627,0.408085,-0.571244,0.507464,83.0,3.0,4.0,APULL,28,Idle
44.27,-0.306474,0.076282,0.016764,-0.984949,0.172254,-0.014285,-0.019415,-0.076627,0.021868,0.500157,0.407335,-0.571783,0.506937,83.0,3.0,4.0,APULL,28,Idle
44.28,-0.260606,0.085738,-0.008393,-0.984899,0.172543,-0.014228,-0.049143,-0.047054,-0.01487,0.500857,0.406372,-0.572493,0.506217,83.0,3.0,4.0,APULL,28,Idle
44.29,-0.201219,0.101964,0.033003,-0.984816,0.172979,-0.014716,-0.005159,-0.012258,-0.022348,0.501453,0.405479,-0.572913,0.505868,83.0,3.0,4.0,APULL,28,Idle
44.3,-0.177253,0.06074,0.054641,-0.984603,0.174087,-0.015844,0.032592,0.043962,-0.030634,0.50197,0.404331,-0.573231,0.505913,83.0,3.0,4.0,APULL,28,Idle
44.31,-0.102453,0.010717,0.070409,-0.984376,0.175327,-0.016229,0.036134,0.053845,-0.016074,0.502097,0.403492,-0.573655,0.505977,83.0,3.0,4.0,APULL,28,Idle
44.32,-0.105405,0.041277,0.089731,-0.984154,0.176552,-0.016434,0.013268,0.055351,0.012848,0.502106,0.402783,-0.574063,0.506069,83.0,3.0,4.0,APULL,28,Idle
44.33,-0.059189,0.066207,0.069794,-0.983988,0.177431,-0.016897,-0.013158,0.058637,0.02094,0.502234,0.40216,-0.574299,0.506172,83.0,3.0,4.0,APULL,28,Idle
44.34,0.036474,0.059848,0.047375,-0.983958,0.17756,-0.017322,-0.032324,0.05001,0.012607,0.502353,0.401981,-0.574239,0.506263,83.0,3.0,4.0,APULL,28,Idle
44.35,0.074008,0.150883,0.060479,-0.983974,0.177375,-0.01823,-0.025379,0.009072,0.037273,0.50251,0.401977,-0.573846,0.506556,83.0,3.0,4.0,APULL,28,Idle
44.36,0.00945,0.207994,0.089249,-0.983882,0.17767,-0.020233,-0.007207,-0.037961,0.005768,0.502889,0.401521,-0.573292,0.507168,83.0,3.0,4.0,APULL,28,Idle
44.37,-0.132668,0.160654,0.125195,-0.983671,0.178614,-0.022112,0.017286,-0.049708,-0.033521,0.503334,0.400603,-0.573116,0.507653,83.0,3.0,4.0,APULL,28,Idle
44.38,-0.220537,0.095297,0.143386,-0.983328,0.180352,-0.023208,0.028372,-0.015039,-0.048554,0.503677,0.399279,-0.573561,0.507852,83.0,3.0,4.0,APULL,28,Idle
44.39,-0.163779,0.09899,0.162241,-0.982952,0.182317,-0.023817,0.029018,0.022838,-0.008166,0.503858,0.397971,-0.574204,0.507972,83.0,3.0,4.0,APULL,28,Idle
44.4,-0.138096,0.104479,0.184807,-0.982529,0.184498,-0.024437,0.024521,0.040462,0.020119,0.503868,0.39673,-0.574793,0.508267,83.0,3.0,4.0,APULL,28,Idle
44.41,-0.077602,0.147491,0.204684,-0.982081,0.186773,-0.025176,0.031183,0.01475,0.056518,0.503802,0.395526,-0.575301,0.508696,83.0,3.0,4.0,APULL,28,Idle
44.42,-0.069243,0.126817,0.203159,-0.981604,0.189114,-0.02627,0.011603,-0.042263,0.009257,0.503695,0.394354,-0.57563,0.50934,83.0,3.0,4.0,APULL,28,Idle
44.43,-0.076834,0.134815,0.153465,-0.981267,0.190772,-0.026848,-0.012492,-0.034568,-0.024284,0.503662,0.39346,-0.575991,0.509656,83.0,3.0,4.0,APULL,28,Idle
44.44,0.024198,0.119147,0.099235,-0.981134,0.191316,-0.027833,-0.010703,-0.024705,-0.042967,0.503905,0.392936,-0.57592,0.509898,83.0,3.0,4.0,APULL,28,Idle
44.45,0.092467,0.164508,0.091565,-0.981052,0.191452,-0.029719,0.021427,-0.040863,0.010066,0.504226,0.392628,-0.575312,0.510505,83.0,3.0,4.0,APULL,28,Idle
44.46,0.072472,0.179758,0.092677,-0.980858,0.192054,-0.032144,0.006111,-0.018943,-0.016516,0.504529,0.392103,-0.574616,0.511393,83.0,3.0,4.0,APULL,28,Idle
44.47,0.045874,0.165042,0.076805,-0.980583,0.193132,-0.03402,-0.001885,0.012877,-0.025321,0.504642,0.391471,-0.57423,0.512198,83.0,3.0,4.0,APULL,28,Idle
44.48,0.021907,0.159392,0.044471,-0.980321,0.194259,-0.035149,0.009068,0.018113,-0.0214,0.50462,0.390912,-0.574119,0.51277,83.0,3.0,4.0,APULL,28,Idle
44.49,-0.015738,0.193875,0.049319,-0.980171,0.194927,-0.035624,0.013923,-0.008922,-0.015019,0.504646,0.390523,-0.574177,0.512976,83.0,3.0,4.0,APULL,28,Idle
44.5,-0.067432,0.165127,0.087992,-0.980143,0.194803,-0.03704,0.00738,-0.034708,-0.039056,0.505201,0.390068,-0.57387,0.51312,83.0,3.0,4.0,APULL,28,Idle
44.51,-0.128675,0.136467,0.106288,-0.980048,0.194999,-0.038479,0.003226,-0.012351,-0.038105,0.505817,0.389358,-0.573725,0.513214,83.0,3.0,4.0,APULL,28,Idle
44.52,-0.120808,0.165122,0.126457,-0.979869,0.195518,-0.040369,0.014628,0.019112,-0.005911,0.506535,0.388375,-0.573568,0.513426,83.0,3.0,4.0,APULL,28,Idle
44.53,-0.064309,0.118803,0.175416,-0.979701,0.196167,-0.041284,0.002864,0.032653,-0.000617,0.506875,0.387675,-0.573643,0.513536,83.0,3.0,4.0,APULL,28,Idle
44.54,-0.067393,0.077979,0.166274,-0.979392,0.197532,-0.042094,-0.029717,0.074929,0.019496,0.506918,0.38688,-0.573826,0.513888,83.0,3.0,4.0,APULL,28,Idle
44.55,-0.056332,0.188549,0.168138,-0.978984,0.199254,-0.043456,-0.012532,0.068401,0.084563,0.507018,0.385847,-0.573928,0.514452,83.0,3.0,4.0,APULL,28,Idle
44.56,-0.059439,0.196234,0.220045,-0.978471,0.201304,-0.045515,0.030335,0.009954,0.069853,0.507218,0.384554,-0.5739,0.515255,83.0,3.0,4.0,APULL,28,Idle
44.57,-0.143115,0.092426,0.260433,-0.977941,0.203578,-0.04677,0.032934,-0.018687,-0.002882,0.507247,0.383266,-0.574215,0.515834,83.0,3.0,4.0,APULL,28,Idle
44.58,-0.137334,0.056325,0.223105,-0.97751,0.205462,-0.047542,0.018632,0.008039,-0.050557,0.50734,0.382105,-0.574652,0.516118,83.0,3.0,4.0,APULL,28,Idle
44.59,-0.040354,0.099867,0.201144,-0.977095,0.207215,-0.048462,0.0343,0.016769,-0.024735,0.507369,0.381099,-0.57492,0.516534,83.0,3.0,4.0,APULL,28,Idle
44.6,0.04036,0.125688,0.219856,-0.976568,0.209417,-0.049604,0.010732,0.006235,-0.024737,0.507107,0.380166,-0.575041,0.517344,83.0,3.0,4.0,APULL,28,Idle
44.61,0.084595,0.161868,0.181703,-0.976032,0.211586,-0.050924,-0.028729,-0.006492,-0.033243,0.506776,0.379338,-0.575014,0.518305,83.0,3.0,4.0,APULL,28,Idle
44.62,0.130513,0.234345,0.191745,-0.975423,0.213916,-0.052832,-0.029552,-0.059176,-0.041802,0.50643,0.378464,-0.57476,0.519562,83.0,3.0,4.0,APULL,28,Idle
44.63,0.007683,0.196334,0.215593,-0.974808,0.216366,-0.054187,0.013779,-0.063076,-0.051267,0.506039,0.377532,-0.574784,0.520594,83.0,3.0,4.0,APULL,28,Idle
44.64,-0.114814,0.107654,0.177717,-0.974333,0.218383,-0.054637,0.023573,-0.015655,-0.032231,0.505836,0.376593,-0.575204,0.521007,83.0,3.0,4.0,APULL,28,Idle
44.65,-0.089606,0.217483,0.110631,-0.973999,0.219562,-0.055849,0.001525,0.017239,0.011462,0.506192,0.375574,-0.575343,0.521243,83.0,3.0,4.0,APULL,28,Idle
44.66,0.06001,0.26944,0.093531,-0.973617,0.220503,-0.058718,0.017166,0.009783,-0.00572,0.506799,0.374515,-0.574787,0.522029,83.0,3.0,4.0,APULL,28,Idle
44.67,0.109457,0.245821,0.092368,-0.973219,0.221473,-0.061596,0.039046,0.012856,-0.045383,0.507145,0.373723,-0.57405,0.52307,83.0,3.0,4.0,APULL,28,Idle
44.68,0.212094,0.244504,0.024968,-0.972931,0.221971,-0.064294,0.010437,0.020323,-0.099066,0.507406,0.373288,-0.573157,0.524105,83.0,3.0,4.0,APULL,28,Idle
44.69,0.365362,0.148955,-0.007068,-0.972779,0.221824,-0.067049,0.007828,-0.010231,-0.102995,0.507434,0.373486,-0.571825,0.525391,83.0,3.0,4.0,APULL,28,Idle
44.7,0.230093,0.056123,0.013511,-0.972724,0.221609,-0.068536,0.050284,-0.017157,0.085138,0.507097,0.374051,-0.570805,0.526423,83.0,3.0,4.0,APULL,28,Idle
44.71,0.044436,0.265533,0.067241,-0.972519,0.221943,-0.070337,-0.034164,-0.044911,0.222452,0.507157,0.373874,-0.570131,0.52722,83.0,3.0,4.0,APULL,28,Idle
44.72,-0.015129,0.420482,0.045992,-0.972123,0.222549,-0.073821,-0.143768,-0.050064,0.122908,0.508008,0.372756,-0.569335,0.528051,83.0,3.0,4.0,APULL,28,Idle
44.73,0.034548,0.466845,-0.004446,-0.971743,0.222726,-0.078159,-0.097044,-0.014489,0.009571,0.509217,0.371539,-0.568225,0.52894,83.0,3.0,4.0,APULL,28,Idle
44.74,0.124977,0.42736,-0.061672,-0.971443,0.222362,-0.08278,-0.004234,0.00127,-0.101668,0.510444,0.370623,-0.566788,0.52994,83.0,3.0,4.0,APULL,28,Idle
44.75,0.172516,0.438589,-0.108868,-0.971272,0.221385,-0.087285,0.051534,-0.041149,-0.124644,0.511597,0.370133,-0.565119,0.530953,83.0,3.0,4.0,APULL,28,Idle
44.76,0.100877,0.496078,-0.155403,-0.971135,0.219998,-0.092183,0.050053,-0.088101,-0.146312,0.513006,0.369613,-0.563289,0.531899,83.0,3.0,4.0,APULL,28,Idle
44.77,0.061237,0.458838,-0.232818,-0.971105,0.218028,-0.097056,0.065511,-0.062038,-0.180547,0.51475,0.369067,-0.561481,0.532505,83.0,3.0,4.0,APULL,28,Idle
44.78,0.072787,0.316297,-0.30167,-0.971301,0.215367,-0.100952,0.091342,-0.007389,-0.143432,0.516424,0.368956,-0.559817,0.532712,83.0,3.0,4.0,APULL,28,Idle
44.79,0.130558,0.37729,-0.309898,-0.971625,0.212247,-0.104385,0.042609,-0.021024,0.01239,0.517999,0.369194,-0.558125,0.532794,83.0,3.0,4.0,APULL,28,Idle
44.8,0.12776,0.517552,-0.275246,-0.971757,0.209241,-0.109116,-0.079222,-0.074887,0.076157,0.519789,0.369166,-0.55602,0.53327,83.0,3.0,4.0,APULL,28,Idle
44.81,-0.037457,0.577493,-0.272541,-0.971716,0.206505,-0.114556,-0.09678,-0.041115,0.089745,0.521953,0.3686,-0.553946,0.533707,83.0,3.0,4.0,APULL,28,Idle
44.82,-0.173859,0.612789,-0.266845,-0.971574,0.203996,-0.120125,-0.012862,0.020049,0.077401,0.524548,0.367453,-0.552192,0.533772,83.0,3.0,4.0,APULL,28,Idle
44.83,-0.108775,0.576597,-0.170312,-0.971295,0.201974,-0.12567,0.031124,0.046118,0.006774,0.52709,0.366076,-0.550594,0.533864,83.0,3.0,4.0,APULL,28,Idle
44.84,-0.113321,0.52202,-0.060041,-0.970813,0.201037,-0.130791,0.021991,0.091916,-0.057106,0.529085,0.364638,-0.549221,0.534289,83.0,3.0,4.0,APULL,28,Idle
44.85,-0.162313,0.585507,-0.04217,-0.970182,0.200725,-0.135854,0.013578,0.16631,-0.047511,0.530983,0.362941,-0.548039,0.534775,83.0,3.0,4.0,APULL,28,Idle
44.86,-0.117869,0.515452,-0.033496,-0.96947,0.200575,-0.141063,0.033129,0.1971,-0.054021,0.532905,0.361126,-0.546861,0.535297,83.0,3.0,4.0,APULL,28,Idle
44.87,-0.031736,0.402766,-0.012907,-0.968876,0.200457,-0.145245,0.039524,0.185407,-0.000201,0.534318,0.359798,-0.545823,0.535842,83.0,3.0,4.0,APULL,28,Idle
44.88,0.110341,0.597418,0.032596,-0.968131,0.200466,-0.15012,-0.031076,0.093052,0.097676,0.535595,0.358539,-0.544417,0.536841,83.0,3.0,4.0,APULL,28,Idle
44.89,0.110381,0.670356,0.052888,-0.967042,0.200726,-0.156649,-0.103194,-0.033764,0.064593,0.536994,0.357019,-0.542414,0.538482,83.0,3.0,4.0,APULL,28,Idle
44.9,-0.113689,0.707603,0.023257,-0.965875,0.201073,-0.163263,-0.067145,-0.086205,0.062479,0.538742,0.355085,-0.540632,0.539804,83.0,3.0,4.0,APULL,28,Idle
44.91,-0.196535,0.679562,-0.018313,-0.964691,0.201354,-0.16979,-0.002137,-0.126784,-0.001215,0.540955,0.352713,-0.539164,0.540613,83.0,3.0,4.0,APULL,28,Idle
44.92,-0.212875,0.553436,-0.005441,-0.963659,0.201561,-0.175313,0.063833,-0.107719,-0.059214,0.543009,0.35054,-0.538019,0.541108,83.0,3.0,4.0,APULL,28,Idle
44.93,-0.285277,0.565487,0.028718,-0.962643,0.20214,-0.180162,0.089886,-0.007804,-0.02925,0.54491,0.34831,-0.537214,0.541437,83.0,3.0,4.0,APULL,28,Idle
44.94,-0.143936,0.464072,-0.004337,-0.961654,0.202672,-0.184784,0.070449,0.060191,-0.071472,0.546679,0.346237,-0.536402,0.541788,83.0,3.0,4.0,APULL,28,Idle
44.95,-0.075274,0.398647,0.004811,-0.960876,0.202836,-0.188612,0.074188,0.099364,-0.035601,0.547971,0.344844,-0.535515,0.542249,83.0,3.0,4.0,APULL,28,Idle
44.96,-0.123424,0.427438,-0.025098,-0.960081,0.203,-0.192445,0.054808,0.124164,0.03235,0.549279,0.343434,-0.534632,0.542693,83.0,3.0,4.0,APULL,28,Idle
44.97,-0.094582,0.411413,-0.085269,-0.959385,0.202636,-0.196261,0.026783,0.050751,0.054477,0.550747,0.342157,-0.533665,0.542963,83.0,3.0,4.0,APULL,28,Idle
44.98,-0.138563,0.459552,-0.029981,-0.958649,0.202241,-0.200228,-0.020783,-0.050126,0.074649,0.552253,0.340858,-0.532637,0.54326,83.0,3.0,4.0,APULL,28,Idle
44.99,-0.37767,0.494174,0.038268,-0.957635,0.202877,-0.204392,-0.059501,-0.099025,0.066911,0.553939,0.338805,-0.531992,0.543459,83.0,3.0,4.0,APULL,28,Idle
45.0,-0.498294,0.516692,-0.020372,-0.956564,0.20397,-0.208282,-0.048761,-0.08985,0.047165,0.556026,0.336108,-0.531874,0.543118,83.0,3.0,4.0,APULL,28,Idle
45.01,-0.337854,0.546446,-0.023274,-0.955496,0.204572,-0.21255,-0.023203,-0.059034,-0.032537,0.558244,0.333552,-0.531478,0.542806,83.0,3.0,4.0,APULL,28,Idle
45.02,-0.265168,0.484288,0.004154,-0.954387,0.205166,-0.216916,0.026378,0.02959,-0.087985,0.560138,0.331315,-0.530822,0.542866,83.0,3.0,4.0,APULL,28,Idle
45.03,-0.008795,0.479461,0.007439,-0.953335,0.205546,-0.22114,0.046734,0.08434,-0.05924,0.561647,0.329575,-0.529915,0.543253,83.0,3.0,4.0,APULL,28,Idle
45.04,0.170325,0.551744,0.030669,-0.952134,0.205476,-0.226319,0.027421,0.066924,-0.048828,0.562786,0.328426,-0.528183,0.544455,83.0,3.0,4.0,APULL,28,Idle
45.05,0.084018,0.606502,-0.009219,-0.950768,0.205363,-0.232092,-0.003746,0.07665,-0.016352,0.56406,0.32715,-0.526238,0.545786,83.0,3.0,4.0,APULL,28,Idle
45.06,0.114801,0.735099,-0.058998,-0.949272,0.204792,-0.238629,-0.049691,0.019543,-0.023105,0.565761,0.325687,-0.524036,0.547018,83.0,3.0,4.0,APULL,28,Idle
45.07,0.166305,0.874174,0.004893,-0.947374,0.204112,-0.246619,-0.037215,-0.037913,-0.086312,0.56773,0.323977,-0.521277,0.548628,83.0,3.0,4.0,APULL,28,Idle
45.08,0.149788,0.964314,0.077263,-0.944953,0.20418,-0.255684,0.051444,-0.013964,-0.144707,0.569765,0.321736,-0.518309,0.550645,83.0,3.0,4.0,APULL,28,Idle
45.09,0.317233,0.806727,0.086108,-0.942422,0.204362,-0.264719,0.089471,0.0428,-0.235143,0.571496,0.319691,-0.515207,0.552949,83.0,3.0,4.0,APULL,28,Idle
45.1,0.197151,0.74616,0.037833,-0.940244,0.204283,-0.272415,0.076719,0.142458,-0.132401,0.572826,0.318183,-0.512398,0.555047,83.0,3.0,4.0,APULL,28,Idle
45.11,0.349162,0.829371,-0.105928,-0.938132,0.203318,-0.280306,-0.028452,0.131445,-0.001646,0.57454,0.31677,-0.509415,0.556827,83.0,3.0,4.0,APULL,28,Idle
45.12,0.596014,0.946177,-0.122628,-0.935851,0.200702,-0.289658,-0.11577,-0.031681,0.064042,0.576383,0.316028,-0.505269,0.559117,83.0,3.0,4.0,APULL,28,Idle
45.13,0.464416,1.091899,-0.005289,-0.932964,0.198538,-0.300267,-0.122593,-0.091437,0.143666,0.57822,0.314925,-0.500689,0.561956,83.0,3.0,4.0,APULL,28,Idle
45.14,0.217504,1.133469,-0.11369,-0.929564,0.19714,-0.311523,-0.089418,-0.06419,0.135635,0.580639,0.312796,-0.496384,0.564464,83.0,3.0,4.0,APULL,28,Idle
45.15,0.151011,1.036883,-0.264688,-0.926517,0.194712,-0.321954,-0.034192,-0.058832,0.079202,0.583625,0.310731,-0.492412,0.566002,83.0,3.0,4.0,APULL,28,Idle
45.16,-0.013646,0.968041,-0.229819,-0.923752,0.192109,-0.331325,0.008133,-0.069932,0.074901,0.58663,0.308792,-0.488861,0.567034,83.0,3.0,4.0,APULL,28,Idle
45.17,-0.170644,1.034942,-0.308218,-0.92087,0.190095,-0.340386,-0.002211,-0.049073,0.105691,0.589996,0.306234,-0.485826,0.567537,83.0,3.0,4.0,APULL,28,Idle
45.18,0.032166,1.003077,-0.404884,-0.918006,0.187002,-0.349708,-0.03927,-0.080419,0.043297,0.593643,0.303968,-0.482441,0.567841,83.0,3.0,4.0,APULL,28,Idle
45.19,0.283894,0.878768,-0.339314,-0.915379,0.182917,-0.35864,-0.035625,-0.089625,-0.005862,0.596746,0.302697,-0.478597,0.568519,83.0,3.0,4.0,APULL,28,Idle
45.2,0.326389,0.887356,-0.243895,-0.912715,0.179126,-0.367241,0.006022,-0.028873,0.039131,0.599167,0.301846,-0.474625,0.569753,83.0,3.0,4.0,APULL,28,Idle
45.21,0.288958,0.735499,-0.272626,-0.91007,0.175667,-0.375384,0.029394,0.03521,0.029162,0.601385,0.301005,-0.470855,0.570989,83.0,3.0,4.0,APULL,28,Idle
45.22,-0.01012,0.575172,-0.357538,-0.908208,0.172165,-0.381468,0.044377,0.048722,0.094939,0.603536,0.300425,-0.467986,0.571383,83.0,3.0,4.0,APULL,28,Idle
45.23,-0.324227,0.621994,-0.440253,-0.906629,0.169232,-0.386503,0.011701,0.016132,0.216184,0.606354,0.299105,-0.466138,0.570602,83.0,3.0,4.0,APULL,28,Idle
45.24,-0.423244,0.659521,-0.39924,-0.904829,0.166777,-0.391753,-0.014254,-0.101134,0.193633,0.609622,0.297147,-0.464572,0.569419,83.0,3.0,4.0,APULL,28,Idle
45.25,-0.741479,0.569129,-0.344493,-0.902993,0.165727,-0.396407,0.020577,-0.107286,0.107284,0.612956,0.294476,-0.463767,0.567881,83.0,3.0,4.0,APULL,28,Idle
45.26,-0.904339,0.47263,-0.401386,-0.901539,0.165765,-0.399686,0.075245,-0.051416,0.038999,0.616453,0.291255,-0.464034,0.565535,83.0,3.0,4.0,APULL,28,Idle
45.27,-0.774445,0.351153,-0.436766,-0.900565,0.165316,-0.402062,0.082999,-0.029177,-0.046852,0.619863,0.28844,-0.464512,0.562851,83.0,3.0,4.0,APULL,28,Idle
45.28,-0.904542,0.253985,-0.443765,-0.900125,0.164658,-0.403315,0.058801,0.035613,-0.041357,0.622924,0.286122,-0.465271,0.560021,83.0,3.0,4.0,APULL,28,Idle
45.29,-0.953636,0.335138,-0.518323,-0.899693,0.164272,-0.404435,0.002278,0.05547,0.060838,0.62635,0.283358,-0.466359,0.556689,83.0,3.0,4.0,APULL,28,Idle
45.3,-0.666465,0.303386,-0.520141,-0.899251,0.162726,-0.406039,-0.052562,-0.06327,0.00867,0.6297,0.281199,-0.466806,0.553622,83.0,3.0,4.0,APULL,28,Idle
45.31,-0.739,0.313049,-0.413406,-0.898749,0.161331,-0.407704,-0.023278,-0.045806,0.017124,0.632674,0.279264,-0.467076,0.550977,83.0,3.0,4.0,APULL,28,Idle
45.32,-0.875487,0.326622,-0.409497,-0.898083,0.161032,-0.409288,0.028225,0.050699,0.02498,0.635652,0.276752,-0.467722,0.548262,83.0,3.0,4.0,APULL,28,Idle
45.33,-0.876371,0.244545,-0.499257,-0.897602,0.160631,-0.410497,0.077549,0.100187,-0.043437,0.63881,0.274159,-0.468603,0.545133,83.0,3.0,4.0,APULL,28,Idle
45.34,-0.688626,0.100779,-0.51606,-0.897734,0.15922,-0.410759,0.117323,0.085943,-0.074867,0.641687,0.272392,-0.469492,0.541864,83.0,3.0,4.0,APULL,28,Idle
45.35,-0.56499,0.081999,-0.441646,-0.898154,0.157442,-0.410525,0.095222,0.062162,-0.040983,0.644017,0.271315,-0.47024,0.538985,83.0,3.0,4.0,APULL,28,Idle
45.36,-0.511433,0.13558,-0.410739,-0.898346,0.155862,-0.41071,0.017471,0.041556,-0.003917,0.646155,0.270259,-0.47075,0.536506,83.0,3.0,4.0,APULL,28,Idle
45.37,-0.57271,0.104876,-0.397433,-0.898482,0.154386,-0.410968,-0.042375,0.021304,-0.003018,0.648233,0.269187,-0.471226,0.534115,83.0,3.0,4.0,APULL,28,Idle
45.38,-0.816123,0.112167,-0.41676,-0.898682,0.153634,-0.410814,-0.045502,0.054328,0.052111,0.650503,0.267581,-0.472222,0.531275,83.0,3.0,4.0,APULL,28,Idle
45.39,-0.828862,0.198309,-0.407485,-0.89866,0.153313,-0.410981,-0.033515,0.031898,0.080354,0.653098,0.265424,-0.473349,0.528161,83.0,3.0,4.0,APULL,28,Idle
45.4,-0.792773,0.120427,-0.371624,-0.898572,0.153105,-0.41125,-0.017306,0.019853,-0.008839,0.655589,0.263277,-0.474405,0.525193,83.0,3.0,4.0,APULL,28,Idle
45.41,-0.892168,0.06018,-0.36301,-0.89879,0.153292,-0.410704,0.023607,0.072843,0.006025,0.657854,0.261151,-0.475866,0.522091,83.0,3.0,4.0,APULL,28,Idle
45.42,-0.773148,0.12054,-0.34276,-0.898957,0.153577,-0.410233,0.031082,0.044711,0.03624,0.660115,0.258953,-0.477312,0.519004,83.0,3.0,4.0,APULL,28,Idle
45.43,-0.589717,0.108412,-0.27659,-0.898963,0.153534,-0.410236,0.012244,-0.039932,-0.021649,0.662068,0.257173,-0.478272,0.516512,83.0,3.0,4.0,APULL,28,Idle
45.44,-0.6991,0.130265,-0.228417,-0.898876,0.153894,-0.410292,0.014781,-0.019708,-0.040391,0.663771,0.255398,-0.479193,0.514349,83.0,3.0,4.0,APULL,28,Idle
45.45,-0.685338,0.128325,-0.243227,-0.898663,0.154819,-0.41041,0.0415,0.009441,-0.0389,0.665636,0.253155,-0.48032,0.511989,83.0,3.0,4.0,APULL,28,Idle
45.46,-0.478612,0.105021,-0.211968,-0.898549,0.155016,-0.410586,0.049015,-0.054155,-0.057905,0.667212,0.251562,-0.481065,0.510021,83.0,3.0,4.0,APULL,28,Idle
45.47,-0.686713,0.164705,-0.195289,-0.898317,0.155537,-0.410896,0.036851,0.018154,-0.038872,0.668751,0.249818,-0.481812,0.508154,83.0,3.0,4.0,APULL,28,Idle
45.48,-0.557658,0.063195,-0.242522,-0.898151,0.156382,-0.410937,0.051182,0.054678,-0.070035,0.67045,0.247748,-0.482859,0.505931,83.0,3.0,4.0,APULL,28,Idle
45.49,-0.338553,-0.046861,-0.199298,-0.898524,0.156021,-0.41026,0.045786,-0.029922,-0.03754,0.671529,0.246925,-0.48363,0.504162,83.0,3.0,4.0,APULL,28,Idle
45.5,-0.665088,0.180099,-0.149507,-0.898501,0.156536,-0.410113,-0.02281,0.019321,0.127703,0.672721,0.245504,-0.484429,0.502497,83.0,3.0,4.0,APULL,28,Idle
45.51,-0.682382,0.136073,-0.19249,-0.898027,0.157884,-0.410635,-0.055205,0.029021,0.065664,0.67446,0.243085,-0.485378,0.500421,83.0,3.0,4.0,APULL,28,Idle
45.52,-0.647245,-0.01661,-0.19576,-0.898139,0.158779,-0.410044,-0.017144,0.00011,-0.023321,0.675871,0.241236,-0.486604,0.498217,83.0,3.0,4.0,APULL,28,Idle
45.53,-0.624137,0.022458,-0.205479,-0.898491,0.159624,-0.408944,-0.006768,0.047392,0.047188,0.677116,0.239569,-0.487991,0.495969,83.0,3.0,4.0,APULL,28,Idle
45.54,-0.490041,0.071048,-0.19958,-0.898576,0.160153,-0.408548,-0.007338,0.009372,0.079218,0.67845,0.237968,-0.488976,0.493943,83.0,3.0,4.0,APULL,28,Idle
45.55,-0.407846,0.014106,-0.178182,-0.898668,0.160205,-0.408327,0.005327,-0.049289,-0.002303,0.679555,0.236844,-0.489634,0.492309,83.0,3.0,4.0,APULL,28,Idle
45.56,-0.543205,-0.045827,-0.170181,-0.898998,0.160579,-0.407452,0.049434,-0.015437,-0.026676,0.6805,0.2357,-0.490632,0.490557,83.0,3.0,4.0,APULL,28,Idle
45.57,-0.665128,-0.116761,-0.168752,-0.899619,0.161506,-0.405712,0.087851,0.016839,-0.023427,0.681423,0.234262,-0.492205,0.488383,83.0,3.0,4.0,APULL,28,Idle
45.58,-0.795748,-0.176957,-0.161931,-0.900474,0.163014,-0.403203,0.092613,0.023067,-0.024242,0.682328,0.232502,-0.494309,0.485829,83.0,3.0,4.0,APULL,28,Idle
45.59,-0.70865,-0.211729,-0.176632,-0.90153,0.164582,-0.400196,0.050349,0.018737,-0.022487,0.683138,0.230774,-0.496634,0.483136,83.0,3.0,4.0,APULL,28,Idle
45.6,-0.540641,-0.19175,-0.196193,-0.902654,0.165401,-0.397315,-0.026576,-0.000469,0.004035,0.683793,0.229595,-0.498627,0.480712,83.0,3.0,4.0,APULL,28,Idle
45.61,-0.459474,-0.131299,-0.226048,-0.903632,0.165469,-0.395055,-0.080819,0.016996,0.054174,0.684475,0.228798,-0.500124,0.478562,83.0,3.0,4.0,APULL,28,Idle
45.62,-0.346009,-0.047193,-0.236482,-0.904396,0.164898,-0.393544,-0.073006,0.003605,0.099538,0.685267,0.228244,-0.501131,0.476636,83.0,3.0,4.0,APULL,28,Idle
45.63,-0.289154,-0.004131,-0.219706,-0.904866,0.164029,-0.392825,-0.053035,-0.055204,0.070437,0.686096,0.227831,-0.501678,0.475063,83.0,3.0,4.0,APULL,28,Idle
45.64,-0.362273,-0.019195,-0.216474,-0.905257,0.163376,-0.392196,-0.012864,-0.067764,0.009444,0.686969,0.22725,-0.502255,0.473468,83.0,3.0,4.0,APULL,28,Idle
45.65,-0.397027,-0.062072,-0.215449,-0.90576,0.162835,-0.39126,0.045622,-0.039544,-0.067815,0.687801,0.226634,-0.502998,0.471763,83.0,3.0,4.0,APULL,28,Idle
45.66,-0.551578,-0.170807,-0.230482,-0.906565,0.162699,-0.389446,0.103907,0.051381,-0.123554,0.688606,0.225779,-0.504282,0.469622,83.0,3.0,4.0,APULL,28,Idle
45.67,-0.517268,-0.330826,-0.269916,-0.907975,0.162544,-0.386213,0.131654,0.07792,-0.106539,0.689145,0.225147,-0.506164,0.467103,83.0,3.0,4.0,APULL,28,Idle
45.68,-0.445322,-0.274131,-0.289594,-0.909658,0.161797,-0.382549,0.078054,0.056617,0.004147,0.689521,0.22498,-0.508044,0.46458,83.0,3.0,4.0,APULL,28,Idle
45.69,-0.476071,-0.151555,-0.321586,-0.910925,0.160809,-0.379942,-0.019938,0.041202,0.043776,0.690241,0.224606,-0.509491,0.462102,83.0,3.0,4.0,APULL,28,Idle
45.7,-0.351238,-0.161064,-0.33807,-0.912032,0.159361,-0.377891,-0.033448,-0.027479,0.016456,0.691072,0.22438,-0.510596,0.459744,83.0,3.0,4.0,APULL,28,Idle
45.71,-0.366329,-0.103091,-0.352956,-0.913108,0.157523,-0.376058,-0.024819,-0.036094,0.013479,0.691903,0.224372,-0.511496,0.457493,83.0,3.0,4.0,APULL,28,Idle
45.72,-0.362014,-0.07933,-0.356142,-0.91396,0.155698,-0.374748,-0.00935,-0.028226,0.007972,0.692941,0.224147,-0.512235,0.4552,83.0,3.0,4.0,APULL,28,Idle
45.73,-0.275351,-0.148466,-0.344127,-0.914917,0.153627,-0.373265,0.019363,-0.063905,-0.023174,0.693782,0.224258,-0.512909,0.4531,83.0,3.0,4.0,APULL,28,Idle
45.74,-0.43075,-0.113881,-0.389196,-0.915993,0.15161,-0.371445,0.004509,-0.013991,0.005647,0.69465,0.224272,-0.513789,0.45076,83.0,3.0,4.0,APULL,28,Idle
45.75,-0.382044,-0.122405,-0.425554,-0.917005,0.149434,-0.369826,0.001859,-0.002126,-0.016985,0.695778,0.224079,-0.514661,0.448114,83.0,3.0,4.0,APULL,28,Idle
45.76,-0.226005,-0.164986,-0.431138,-0.918195,0.14658,-0.368011,0.032255,-0.053577,-0.033875,0.696673,0.224505,-0.515356,0.445705,83.0,3.0,4.0,APULL,28,Idle
45.77,-0.314619,-0.126595,-0.448763,-0.91936,0.143551,-0.366293,0.012423,-0.044323,0.006521,0.697581,0.225008,-0.51597,0.443314,83.0,3.0,4.0,APULL,28,Idle
45.78,-0.184649,-0.078135,-0.484782,-0.920389,0.140195,-0.365006,-0.004416,-0.056791,0.009065,0.698655,0.225524,-0.516368,0.44089,83.0,3.0,4.0,APULL,28,Idle
45.79,-0.322975,-0.015133,-0.488228,-0.921216,0.136496,-0.364321,-0.002353,-0.041296,-0.032102,0.699858,0.226124,-0.516437,0.438588,83.0,3.0,4.0,APULL,28,Idle
45.8,-0.60148,-0.106374,-0.520822,-0.922076,0.133658,-0.363197,0.037783,0.057443,-0.082314,0.701375,0.225816,-0.517116,0.435514,83.0,3.0,4.0,APULL,28,Idle
45.81,-0.541291,-0.188616,-0.627019,-0.92341,0.130488,-0.360953,0.071619,0.045202,-0.07255,0.702865,0.225591,-0.518297,0.431806,83.0,3.0,4.0,APULL,28,Idle
45.82,-0.386357,-0.114947,-0.722633,-0.924834,0.125914,-0.358927,0.040205,-0.012282,-0.010366,0.70445,0.226032,-0.519082,0.428035,83.0,3.0,4.0,APULL,28,Idle
45.83,-0.090912,-0.077043,-0.738974,-0.926048,0.120026,-0.357812,0.045737,-0.08455,0.009683,0.706084,0.227221,-0.5191,0.424678,83.0,3.0,4.0,APULL,28,Idle
45.84,0.069902,-0.053035,-0.726549,-0.927133,0.113128,-0.357249,0.066888,-0.134918,-0.01447,0.70743,0.229369,-0.518426,0.422099,83.0,3.0,4.0,APULL,28,Idle
45.85,-0.113657,-0.073865,-0.731215,-0.92815,0.10652,-0.356638,0.06908,-0.062285,-0.018484,0.708847,0.231244,-0.517887,0.419351,83.0,3.0,4.0,APULL,28,Idle
45.86,-0.004177,-0.107444,-0.754105,-0.929252,0.09983,-0.355703,0.039024,-0.087501,-0.004892,0.710231,0.233146,-0.517485,0.416442,83.0,3.0,4.0,APULL,28,Idle
45.87,-0.143078,-0.049747,-0.787046,-0.930266,0.09284,-0.354944,-0.044221,-0.072989,0.008814,0.711689,0.235124,-0.516957,0.413487,83.0,3.0,4.0,APULL,28,Idle
45.88,-0.289682,-0.030985,-0.846172,-0.931127,0.086083,-0.35439,-0.088068,-0.008766,0.034886,0.713553,0.236465,-0.516614,0.409923,83.0,3.0,4.0,APULL,28,Idle
45.89,-0.143825,0.00853,-0.865283,-0.931892,0.078835,-0.354065,-0.085595,-0.072015,0.061768,0.715529,0.237939,-0.516093,0.406264,83.0,3.0,4.0,APULL,28,Idle
45.9,-0.199602,0.038791,-0.847578,-0.93242,0.071395,-0.354254,-0.041442,-0.06488,0.017157,0.717541,0.239517,-0.515271,0.402818,83.0,3.0,4.0,APULL,28,Idle
45.91,-0.234362,-0.063209,-0.846445,-0.933011,0.064389,-0.35404,0.05763,0.022571,-0.016092,0.719509,0.240827,-0.514764,0.399158,83.0,3.0,4.0,APULL,28,Idle
45.92,0.00316,-0.10188,-0.843934,-0.933861,0.056896,-0.353081,0.076638,-0.018032,-0.002068,0.721093,0.242769,-0.514318,0.395683,83.0,3.0,4.0,APULL,28,Idle
45.93,-0.027754,-0.049931,-0.829055,-0.934561,0.049031,-0.352408,0.049124,-0.042378,0.015738,0.72254,0.24511,-0.513534,0.392607,83.0,3.0,4.0,APULL,28,Idle
45.94,-0.197458,-0.130333,-0.818031,-0.935218,0.041748,-0.351603,0.062751,0.000381,0.007593,0.724089,0.246953,-0.513043,0.389226,83.0,3.0,4.0,APULL,28,Idle
45.95,-0.139398,-0.188627,-0.790634,-0.936111,0.034837,-0.349974,0.0457,-0.06569,0.041289,0.725444,0.248693,-0.512996,0.385639,83.0,3.0,4.0,APULL,28,Idle
45.96,-0.197312,-0.148325,-0.778962,-0.936961,0.028003,-0.348311,-0.034383,-0.073826,0.057692,0.726696,0.250495,-0.512929,0.382189,83.0,3.0,4.0,APULL,28,Idle
45.97,-0.271035,-0.144109,-0.802619,-0.937641,0.021447,-0.346944,-0.054578,0.049522,0.063543,0.72816,0.251882,-0.512916,0.378491,83.0,3.0,4.0,APULL,28,Idle
45.98,-0.175691,-0.166227,-0.800051,-0.938321,0.014667,-0.345456,-0.035206,0.096326,0.022595,0.729555,0.253434,-0.512877,0.374803,83.0,3.0,4.0,APULL,28,Idle
45.99,-0.218793,-0.168122,-0.792768,-0.938987,0.007868,-0.343863,-0.016061,0.122823,-0.008188,0.730843,0.255097,-0.51283,0.371215,83.0,3.0,4.0,APULL,28,Idle
46.0,-0.330126,-0.20724,-0.834056,-0.939656,0.001197,-0.342119,0.009099,0.166451,-0.038343,0.732231,0.256493,-0.512983,0.367284,83.0,3.0,4.0,APULL,28,Idle
46.01,-0.267391,-0.244464,-0.845971,-0.940399,-0.005657,-0.340026,0.040893,0.098186,-0.045518,0.733583,0.257938,-0.513279,0.363137,83.0,3.0,4.0,APULL,28,Idle
46.02,-0.227799,-0.287146,-0.870203,-0.941224,-0.012933,-0.337536,0.032792,0.013024,-0.07085,0.734764,0.259741,-0.513582,0.359012,83.0,3.0,4.0,APULL,28,Idle
46.03,-0.209312,-0.316254,-0.85572,-0.942096,-0.020335,-0.334725,0.02631,-0.035207,-0.024604,0.735833,0.261671,-0.513971,0.354842,83.0,3.0,4.0,APULL,28,Idle
46.04,-0.135717,-0.272133,-0.835945,-0.942889,-0.027775,-0.331946,0.004001,-0.072979,0.030829,0.736767,0.263784,-0.514242,0.350923,83.0,3.0,4.0,APULL,28,Idle
46.05,-0.265052,-0.252356,-0.820991,-0.943469,-0.034891,-0.329618,-0.000851,-0.014807,0.020811,0.737825,0.2656,-0.514439,0.34702,83.0,3.0,4.0,APULL,28,Idle
46.06,-0.198012,-0.301157,-0.830193,-0.944052,-0.041878,-0.327126,0.022376,0.021095,0.004357,0.738867,0.267297,-0.514771,0.342984,83.0,3.0,4.0,APULL,28,Idle
46.07,-0.126761,-0.270424,-0.837283,-0.944624,-0.049266,-0.324436,-0.014071,0.022197,0.00481,0.739753,0.269367,-0.514998,0.339093,83.0,3.0,4.0,APULL,28,Idle
46.08,-0.207449,-0.182637,-0.853806,-0.944878,-0.056715,-0.322474,-0.057899,0.03552,0.028727,0.740822,0.271328,-0.514921,0.335291,83.0,3.0,4.0,APULL,28,Idle
46.09,-0.233736,-0.206553,-0.86838,-0.944962,-0.06411,-0.320837,-0.032531,0.023415,-0.006723,0.742102,0.272979,-0.514843,0.331214,83.0,3.0,4.0,APULL,28,Idle
46.1,-0.101053,-0.221709,-0.861054,-0.945065,-0.07177,-0.318908,0.010906,-0.042992,-0.032182,0.7432,0.27495,-0.514732,0.327273,83.0,3.0,4.0,APULL,28,Idle
46.11,0.051548,-0.163075,-0.850331,-0.945036,-0.07977,-0.317087,-0.005526,-0.044589,-0.033423,0.744124,0.277375,-0.514315,0.323764,83.0,3.0,4.0,APULL,28,Idle
46.12,0.098025,-0.135244,-0.844478,-0.944785,-0.088037,-0.315642,-0.001488,0.000665,-0.060105,0.745002,0.28009,-0.513545,0.320614,83.0,3.0,4.0,APULL,28,Idle
46.13,0.241021,-0.168562,-0.850088,-0.944467,-0.096542,-0.314104,0.037042,0.025726,-0.097014,0.745754,0.28309,-0.512648,0.317652,83.0,3.0,4.0,APULL,28,Idle
46.14,0.417026,-0.176766,-0.851018,-0.944155,-0.10565,-0.312106,0.034609,0.0034,-0.118603,0.74618,0.286797,-0.511561,0.31507,83.0,3.0,4.0,APULL,28,Idle
46.15,0.518657,-0.183745,-0.853454,-0.94377,-0.115165,-0.309896,0.019133,0.023566,-0.139643,0.746369,0.291033,-0.510247,0.31286,83.0,3.0,4.0,APULL,28,Idle
46.16,0.557556,-0.217253,-0.869675,-0.943348,-0.124956,-0.307378,0.035557,0.082979,-0.149836,0.746422,0.295539,-0.508888,0.310715,83.0,3.0,4.0,APULL,28,Idle
46.17,0.663104,-0.261174,-0.878237,-0.942937,-0.135058,-0.30435,0.066686,0.104785,-0.154481,0.746266,0.300397,-0.50753,0.308646,83.0,3.0,4.0,APULL,28,Idle
46.18,0.704546,-0.281541,-0.897484,-0.94252,-0.145532,-0.300795,0.073943,0.136575,-0.150759,0.745892,0.305649,-0.506143,0.306663,83.0,3.0,4.0,APULL,28,Idle
46.19,0.785211,-0.279979,-0.909747,-0.941988,-0.156276,-0.297045,0.054827,0.119289,-0.090543,0.745429,0.311124,-0.504657,0.304727,83.0,3.0,4.0,APULL,28,Idle
46.2,0.832292,-0.246316,-0.890896,-0.941307,-0.167198,-0.293232,0.021721,0.030601,-0.036892,0.744849,0.316853,-0.502979,0.303012,83.0,3.0,4.0,APULL,28,Idle
46.21,0.716008,-0.183394,-0.858465,-0.940426,-0.177744,-0.289836,-0.013584,-0.037573,0.027172,0.744376,0.322306,-0.501199,0.301368,83.0,3.0,4.0,APULL,28,Idle
46.22,0.546314,-0.082853,-0.833589,-0.939252,-0.18754,-0.287463,-0.050586,-0.111867,0.12073,0.744313,0.326954,-0.499369,0.29955,83.0,3.0,4.0,APULL,28,Idle
46.23,0.509941,-0.001858,-0.770407,-0.937812,-0.196603,-0.286106,-0.064218,-0.218909,0.148335,0.744561,0.330966,-0.497402,0.297794,83.0,3.0,4.0,APULL,28,Idle
46.24,0.474611,0.073696,-0.643714,-0.936276,-0.20466,-0.285484,-0.042407,-0.231543,0.142174,0.744888,0.334512,-0.495338,0.296451,83.0,3.0,4.0,APULL,28,Idle
46.25,0.462702,0.12447,-0.594159,-0.934717,-0.211722,-0.285444,-0.006995,-0.106515,0.09506,0.745258,0.337614,-0.493249,0.295487,83.0,3.0,4.0,APULL,28,Idle
46.26,0.467436,0.1803,-0.618632,-0.932978,-0.218693,-0.285878,0.018152,0.064732,0.02895,0.745741,0.340604,-0.490968,0.294634,83.0,3.0,4.0,APULL,28,Idle
46.27,0.474833,0.201797,-0.673644,-0.930985,-0.22605,-0.28665,0.042496,0.188956,-0.056475,0.746359,0.343657,-0.488442,0.293723,83.0,3.0,4.0,APULL,28,Idle
46.28,0.482408,0.193872,-0.729277,-0.92879,-0.233959,-0.287423,0.050388,0.228984,-0.107551,0.747047,0.346872,-0.485766,0.29263,83.0,3.0,4.0,APULL,28,Idle
46.29,0.4356,0.176021,-0.776744,-0.926452,-0.242294,-0.288062,0.033249,0.186187,-0.138909,0.747793,0.350162,-0.483069,0.291267,83.0,3.0,4.0,APULL,28,Idle
46.3,0.340616,0.139088,-0.78627,-0.924049,-0.250685,-0.288602,0.026679,0.113585,-0.138232,0.748642,0.353272,-0.480518,0.289546,83.0,3.0,4.0,APULL,28,Idle
46.31,0.275468,0.096281,-0.760561,-0.92173,-0.258706,-0.288938,0.031105,0.037881,-0.13138,0.749506,0.356095,-0.478254,0.287593,83.0,3.0,4.0,APULL,28,Idle
46.32,0.24529,0.050849,-0.727034,-0.919559,-0.266293,-0.288963,0.038257,0.019284,-0.128212,0.750291,0.358728,-0.476269,0.285561,83.0,3.0,4.0,APULL,28,Idle
46.33,0.287595,0.042957,-0.704331,-0.917496,-0.273624,-0.28867,0.04892,0.042866,-0.086025,0.750943,0.361352,-0.474436,0.283584,83.0,3.0,4.0,APULL,28,Idle
46.34,0.375672,0.062594,-0.689723,-0.915399,-0.28097,-0.288271,0.03541,0.051752,-0.040144,0.751463,0.364164,-0.472493,0.281848,83.0,3.0,4.0,APULL,28,Idle
46.35,0.426499,0.068837,-0.680414,-0.913253,-0.288398,-0.287743,0.014205,0.04737,-0.01609,0.751847,0.367204,-0.470415,0.280353,83.0,3.0,4.0,APULL,28,Idle
46.36,0.453235,0.087966,-0.66952,-0.911045,-0.295836,-0.287191,0.006321,0.054351,0.009862,0.752165,0.370343,-0.468242,0.279004,83.0,3.0,4.0,APULL,28,Idle
46.37,0.473361,0.099181,-0.659231,-0.908778,-0.30321,-0.28668,0.008968,0.050906,0.025419,0.752447,0.373514,-0.465991,0.277782,83.0,3.0,4.0,APULL,28,Idle
46.38,0.469889,0.11433,-0.649759,-0.906459,-0.310523,-0.286195,0.021785,0.056297,0.038652,0.752713,0.376679,-0.463697,0.276624,83.0,3.0,4.0,APULL,28,Idle
46.39,0.451809,0.147608,-0.656869,-0.90403,-0.317754,-0.285942,0.029518,0.060002,0.058708,0.753043,0.379752,-0.461322,0.275496,83.0,3.0,4.0,APULL,28,Idle
46.4,0.371546,0.176931,-0.683609,-0.901407,-0.325004,-0.286072,0.026407,0.048255,0.073975,0.753547,0.382639,-0.458858,0.274234,83.0,3.0,4.0,APULL,28,Idle
46.41,0.177219,0.187291,-0.690266,-0.898621,-0.332013,-0.286791,0.01741,0.035733,0.106371,0.754364,0.385032,-0.456459,0.272637,83.0,3.0,4.0,APULL,28,Idle
46.42,-0.141536,0.251351,-0.698066,-0.895688,-0.3383,-0.288612,0.01199,0.041287,0.17292,0.755738,0.386419,-0.454285,0.270493,83.0,3.0,4.0,APULL,28,Idle
46.43,-0.492328,0.354373,-0.735361,-0.892365,-0.343749,-0.29244,-0.000976,0.081099,0.186605,0.758021,0.386393,-0.452195,0.267627,83.0,3.0,4.0,APULL,28,Idle
46.44,-0.734752,0.384267,-0.759917,-0.888634,-0.348595,-0.298012,-0.016975,0.11068,0.152061,0.76108,0.385222,-0.45011,0.264128,83.0,3.0,4.0,APULL,28,Idle
46.45,-0.868065,0.320616,-0.797939,-0.884809,-0.35306,-0.304076,-0.046969,0.151507,0.069243,0.764479,0.383393,-0.448299,0.260018,83.0,3.0,4.0,APULL,28,Idle
46.46,-0.843178,0.245143,-0.843736,-0.880995,-0.357703,-0.309672,-0.108324,0.192466,0.016825,0.767844,0.38155,-0.446748,0.255444,83.0,3.0,4.0,APULL,28,Idle
46.47,-0.683878,0.160853,-0.789476,-0.877387,-0.362546,-0.314249,-0.152673,0.188916,0.008066,0.770818,0.380154,-0.445375,0.250927,83.0,3.0,4.0,APULL,28,Idle
46.48,-0.449102,0.081968,-0.744123,-0.874209,-0.367447,-0.317396,-0.11987,0.149598,-0.029894,0.773128,0.379496,-0.444167,0.246924,83.0,3.0,4.0,APULL,28,Idle
46.49,-0.22642,-0.018036,-0.713917,-0.871413,-0.372754,-0.318895,-0.062562,0.075589,-0.034224,0.774719,0.379793,-0.443069,0.243429,83.0,3.0,4.0,APULL,28,Idle
46.5,-0.186433,-0.078316,-0.672808,-0.868953,-0.378166,-0.319237,-0.030645,0.01078,-0.007225,0.775836,0.380613,-0.442171,0.240202,83.0,3.0,4.0,APULL,28,Idle
46.51,-0.123746,-0.122332,-0.602265,-0.866832,-0.383206,-0.31899,-0.005787,-0.049762,0.018911,0.776688,0.38152,-0.441529,0.237174,83.0,3.0,4.0,APULL,28,Idle
46.52,-0.003846,-0.175027,-0.515756,-0.865153,-0.387835,-0.317953,0.030833,-0.097104,0.022878,0.777143,0.382673,-0.441118,0.234573,83.0,3.0,4.0,APULL,28,Idle
46.53,0.048398,-0.226099,-0.393257,-0.864012,-0.391877,-0.316095,0.069578,-0.129744,0.049585,0.777177,0.384029,-0.440992,0.232475,83.0,3.0,4.0,APULL,28,Idle
46.54,0.018358,-0.224329,-0.28281,-0.863408,-0.394874,-0.314009,0.081334,-0.145974,0.084364,0.776998,0.385165,-0.441184,0.230823,83.0,3.0,4.0,APULL,28,Idle
46.55,-0.0175,-0.242491,-0.210191,-0.86316,-0.396996,-0.312009,0.080277,-0.135353,0.08302,0.776765,0.385982,-0.441604,0.229435,83.0,3.0,4.0,APULL,28,Idle
46.56,-0.106807,-0.251222,-0.159244,-0.863192,-0.398426,-0.310091,0.092669,-0.098965,0.101549,0.776542,0.386451,-0.442278,0.228098,83.0,3.0,4.0,APULL,28,Idle
46.57,-0.188742,-0.219044,-0.112678,-0.863379,-0.399128,-0.308663,0.076514,-0.080425,0.126763,0.776469,0.386428,-0.443105,0.226775,83.0,3.0,4.0,APULL,28,Idle
46.58,-0.237248,-0.202364,-0.071835,-0.863664,-0.399251,-0.307706,0.06328,-0.064662,0.123136,0.776522,0.38603,-0.44399,0.225536,83.0,3.0,4.0,APULL,28,Idle
46.59,-0.241465,-0.168306,-0.03987,-0.864014,-0.398987,-0.307066,0.068512,-0.026489,0.115385,0.776642,0.385417,-0.444883,0.224412,83.0,3.0,4.0,APULL,28,Idle
46.6,-0.210973,-0.109728,-0.035746,-0.864297,-0.398594,-0.306781,0.064797,0.005634,0.114138,0.776814,0.384763,-0.445609,0.223498,83.0,3.0,4.0,APULL,28,Idle
46.61,-0.213841,-0.054979,-0.025414,-0.864425,-0.398212,-0.306916,0.045074,0.017383,0.112717,0.777068,0.38411,-0.446096,0.222762,83.0,3.0,4.0,APULL,28,Idle
46.62,-0.242765,-0.006643,-0.01828,-0.864434,-0.397694,-0.30756,0.030434,0.001957,0.103245,0.777462,0.383303,-0.446429,0.22211,83.0,3.0,4.0,APULL,28,Idle
46.63,-0.253348,0.013518,-0.002689,-0.864377,-0.397022,-0.308587,0.021192,-0.012677,0.07464,0.777963,0.38235,-0.446671,0.221512,83.0,3.0,4.0,APULL,28,Idle
46.64,-0.241154,0.042309,0.019707,-0.864318,-0.396179,-0.309832,0.015853,-0.007843,0.058337,0.778497,0.381327,-0.446849,0.221041,83.0,3.0,4.0,APULL,28,Idle
46.65,-0.19753,0.061624,0.039715,-0.864273,-0.395235,-0.311161,0.003464,0.006761,0.031666,0.779001,0.380342,-0.446944,0.220765,83.0,3.0,4.0,APULL,28,Idle
46.66,-0.153404,0.068922,0.031543,-0.864212,-0.394374,-0.312421,-0.008759,0.029551,-0.008486,0.779442,0.379503,-0.446953,0.220636,83.0,3.0,4.0,APULL,28,Idle
46.67,-0.101941,0.074357,0.020341,-0.864091,-0.393731,-0.313564,-0.015655,0.048852,-0.045017,0.779822,0.378854,-0.446864,0.220588,83.0,3.0,4.0,APULL,28,Idle
46.68,-0.037974,0.064561,0.012856,-0.863933,-0.39337,-0.314452,-0.035283,0.042906,-0.075425,0.780092,0.378471,-0.446692,0.22064,83.0,3.0,4.0,APULL,28,Idle
46.69,-0.006852,0.041256,-0.006932,-0.863977,-0.393437,-0.314246,-0.063467,0.029393,-0.106423,0.780031,0.378549,-0.446741,0.220623,83.0,3.0,4.0,APULL,28,Idle
46.7,-0.005755,-0.000973,-0.032107,-0.86396,-0.39375,-0.313903,-0.083504,0.014798,-0.125306,0.779956,0.378727,-0.446782,0.2205,83.0,3.0,4.0,APULL,28,Idle
46.71,-0.025585,-0.038784,-0.034146,-0.863938,-0.394158,-0.31345,-0.088851,-0.005149,-0.130627,0.779885,0.378902,-0.446888,0.220236,83.0,3.0,4.0,APULL,28,Idle
46.72,-0.051658,-0.081732,-0.024179,-0.86401,-0.394284,-0.313094,-0.081959,-0.015476,-0.124482,0.77986,0.378876,-0.447108,0.219921,83.0,3.0,4.0,APULL,28,Idle
46.73,-0.067206,-0.107486,-0.021299,-0.864213,-0.39428,-0.312536,-0.071929,-0.011573,-0.106501,0.779796,0.378782,-0.4475,0.219515,83.0,3.0,4.0,APULL,28,Idle
46.74,-0.053015,-0.119359,-0.043747,-0.864482,-0.394261,-0.311816,-0.069234,-0.002239,-0.083753,0.779689,0.378701,-0.447971,0.219073,83.0,3.0,4.0,APULL,28,Idle
46.75,-0.062622,-0.113167,-0.046626,-0.864707,-0.394224,-0.311238,-0.062158,0.013456,-0.041865,0.779625,0.37858,-0.448395,0.218642,83.0,3.0,4.0,APULL,28,Idle
46.76,-0.094007,-0.088604,-0.062094,-0.864821,-0.39412,-0.311054,-0.050661,0.029801,0.00359,0.779693,0.378311,-0.448725,0.218188,83.0,3.0,4.0,APULL,28,Idle
46.77,-0.134628,-0.045355,-0.099965,-0.864679,-0.394091,-0.311485,-0.039801,0.040881,0.041558,0.779991,0.377858,-0.448866,0.217616,83.0,3.0,4.0,APULL,28,Idle
46.78,-0.131111,-0.012693,-0.126076,-0.864237,-0.394248,-0.312511,-0.02799,0.037497,0.046597,0.7805,0.377309,-0.448757,0.216968,83.0,3.0,4.0,APULL,28,Idle
46.79,-0.100677,0.008357,-0.120961,-0.863621,-0.394633,-0.313727,-0.019787,0.029322,0.043265,0.781059,0.376852,-0.448463,0.216355,83.0,3.0,4.0,APULL,28,Idle
46.8,-0.064382,0.020275,-0.111354,-0.862973,-0.395094,-0.314925,-0.013354,0.035826,0.030227,0.781579,0.37651,-0.448083,0.215864,83.0,3.0,4.0,APULL,28,Idle
46.81,-0.034243,0.018032,-0.111408,-0.862349,-0.395642,-0.315947,-0.003511,0.040005,0.01277,0.782017,0.376307,-0.447682,0.21546,83.0,3.0,4.0,APULL,28,Idle
46.82,-0.035582,0.006481,-0.096366,-0.861853,-0.396135,-0.316681,0.009298,0.035662,-0.012008,0.782345,0.376185,-0.447375,0.21512,83.0,3.0,4.0,APULL,28,Idle
46.83,-0.041132,-0.016805,-0.074164,-0.861647,-0.396357,-0.316964,0.019117,0.017405,-0.015906,0.782514,0.376066,-0.447317,0.214833,83.0,3.0,4.0,APULL,28,Idle
46.84,-0.070786,-0.054092,-0.049139,-0.861795,-0.396258,-0.316684,0.025446,-0.00099,-0.028714,0.782504,0.375919,-0.447597,0.214545,83.0,3.0,4.0,APULL,28,Idle
46.85,-0.11588,-0.085654,-0.027817,-0.862289,-0.395796,-0.315916,0.033233,-0.002428,-0.030351,0.782356,0.375667,-0.448236,0.21419,83.0,3.0,4.0,APULL,28,Idle
46.86,-0.138682,-0.121088,-0.014541,-0.86299,-0.39507,-0.314909,0.034957,0.001195,-0.033938,0.782149,0.375298,-0.449107,0.213768,83.0,3.0,4.0,APULL,28,Idle
46.87,-0.161196,-0.144824,0.003858,-0.863834,-0.394196,-0.313689,0.031802,0.021866,-0.041154,0.781898,0.374856,-0.450154,0.213263,83.0,3.0,4.0,APULL,28,Idle
46.88,-0.169347,-0.172956,-0.002039,-0.864849,-0.393003,-0.312385,0.029781,0.047269,-0.046593,0.78161,0.374284,-0.451352,0.212789,83.0,3.0,4.0,APULL,28,Idle
46.89,-0.175901,-0.179973,-0.016953,-0.865803,-0.391664,-0.311424,0.022435,0.054429,-0.042138,0.781434,0.373542,-0.452498,0.212303,83.0,3.0,4.0,APULL,28,Idle
46.9,-0.189251,-0.187841,-0.026369,-0.866366,-0.390416,-0.311424,0.006595,0.031041,-0.027519,0.781577,0.372583,-0.453288,0.211775,83.0,3.0,4.0,APULL,28,Idle
46.91,-0.256262,-0.18421,-0.028324,-0.866513,-0.389821,-0.31176,-0.008105,-0.000148,-0.003303,0.781921,0.371684,-0.45384,0.210904,83.0,3.0,4.0,APULL,28,Idle
46.92,-0.315867,-0.194463,-0.028185,-0.866272,-0.389618,-0.312683,-0.013351,-0.025711,0.010269,0.78254,0.37065,-0.454177,0.209696,83.0,3.0,4.0,APULL,28,Idle
46.93,-0.338427,-0.192511,-0.028001,-0.865858,-0.389542,-0.313922,-0.010759,-0.023223,0.015597,0.783303,0.369508,-0.454426,0.208319,83.0,3.0,4.0,APULL,28,Idle
46.94,-0.29326,-0.171028,-0.040273,-0.865306,-0.389448,-0.315557,-0.016286,0.013655,0.025381,0.784175,0.368295,-0.454511,0.206999,83.0,3.0,4.0,APULL,28,Idle
46.95,-0.193002,-0.142005,-0.061361,-0.864887,-0.388754,-0.317554,-0.028561,0.041449,0.032108,0.785035,0.366953,-0.454498,0.206148,83.0,3.0,4.0,APULL,28,Idle
46.96,-0.148506,-0.101859,-0.072816,-0.864827,-0.387269,-0.319528,-0.031261,0.06273,0.026773,0.785742,0.365521,-0.454566,0.205847,83.0,3.0,4.0,APULL,28,Idle
46.97,-0.130265,-0.09247,-0.108285,-0.864892,-0.385987,-0.3209,-0.026252,0.063157,0.014686,0.786253,0.364352,-0.45475,0.205563,83.0,3.0,4.0,APULL,28,Idle
46.98,-0.132554,-0.102464,-0.124184,-0.864863,-0.385725,-0.321293,-0.021963,0.012159,-0.004955,0.786546,0.363748,-0.455018,0.204919,83.0,3.0,4.0,APULL,28,Idle
46.99,-0.208168,-0.09329,-0.082555,-0.864879,-0.386102,-0.320794,-0.014637,-0.000648,-0.005148,0.786645,0.363492,-0.455496,0.203927,83.0,3.0,4.0,APULL,28,Idle
47.0,-0.259008,-0.074454,-0.095305,-0.864759,-0.386909,-0.320146,-0.004458,0.010856,0.005312,0.786779,0.363312,-0.455995,0.202615,83.0,3.0,4.0,APULL,28,Idle
47.01,-0.264157,-0.089242,-0.111503,-0.864606,-0.387756,-0.319534,0.000867,0.001922,-0.018982,0.786955,0.363065,-0.456527,0.201168,83.0,3.0,4.0,APULL,28,Idle
47.02,-0.234816,-0.092075,-0.09585,-0.864481,-0.387891,-0.319709,0.015222,0.007001,-0.030404,0.787308,0.362418,-0.456945,0.2,83.0,3.0,4.0,APULL,28,Idle
47.03,-0.162418,-0.102299,-0.079674,-0.86445,-0.388024,-0.319631,0.021112,0.032677,-0.042628,0.787533,0.361935,-0.45737,0.199016,83.0,3.0,4.0,APULL,28,Idle
47.04,-0.092846,-0.107439,-0.095514,-0.86444,-0.388401,-0.319199,0.02156,0.055805,-0.049057,0.787607,0.361751,-0.457752,0.19818,83.0,3.0,4.0,APULL,28,Idle
47.05,-0.064379,-0.098112,-0.0943,-0.8644,-0.389006,-0.318571,0.022542,0.054197,-0.038652,0.787594,0.361787,-0.458066,0.197435,83.0,3.0,4.0,APULL,28,Idle
47.06,-0.105199,-0.100349,-0.082954,-0.864693,-0.388723,-0.318121,0.023491,0.025045,-0.017602,0.78757,0.361467,-0.458564,0.196962,83.0,3.0,4.0,APULL,28,Idle
47.07,-0.180337,-0.104519,-0.076366,-0.86478,-0.388728,-0.317877,0.019229,-0.01952,0.003683,0.787681,0.361088,-0.458995,0.196207,83.0,3.0,4.0,APULL,28,Idle
47.08,-0.249895,-0.100457,-0.051425,-0.865016,-0.388312,-0.317745,0.018733,-0.058633,0.016872,0.787848,0.360408,-0.459602,0.195366,83.0,3.0,4.0,APULL,28,Idle
47.09,-0.319395,-0.08722,-0.031097,-0.865038,-0.387659,-0.318481,0.022127,-0.04537,0.026123,0.788319,0.359329,-0.460046,0.194407,83.0,3.0,4.0,APULL,28,Idle
47.1,-0.274021,-0.084256,-0.028052,-0.865003,-0.386896,-0.319502,0.025937,-0.039388,0.018721,0.788869,0.358147,-0.460412,0.193486,83.0,3.0,4.0,APULL,28,Idle
47.11,-0.256817,-0.071025,-0.030969,-0.865002,-0.385867,-0.320747,0.016155,-0.018582,0.003593,0.789435,0.356901,-0.460704,0.192784,83.0,3.0,4.0,APULL,28,Idle
47.12,-0.202112,-0.081538,-0.068566,-0.865042,-0.38467,-0.322073,0.013052,0.037914,-0.023203,0.789995,0.355621,-0.460974,0.19221,83.0,3.0,4.0,APULL,28,Idle
47.13,-0.054111,-0.09191,-0.091828,-0.865046,-0.384174,-0.322654,0.027827,0.061466,-0.031014,0.790305,0.35492,-0.461199,0.191691,83.0,3.0,4.0,APULL,28,Idle
47.14,0.068642,-0.084175,-0.074066,-0.864923,-0.384779,-0.322261,0.011972,0.032683,-0.007588,0.79028,0.355093,-0.461279,0.191279,83.0,3.0,4.0,APULL,28,Idle
47.15,0.0299,-0.076765,-0.009193,-0.86479,-0.385874,-0.32131,-0.023623,-0.007223,0.018636,0.790059,0.355704,-0.461324,0.19095,83.0,3.0,4.0,APULL,28,Idle
47.16,-0.112221,-0.093213,0.006843,-0.864696,-0.386787,-0.320462,-0.029698,-0.034691,0.036908,0.789927,0.356056,-0.461511,0.190385,83.0,3.0,4.0,APULL,28,Idle
47.17,-0.244989,-0.08712,-0.035856,-0.864686,-0.387157,-0.320043,-0.016448,-0.041523,0.039968,0.79001,0.355826,-0.461916,0.189489,83.0,3.0,4.0,APULL,28,Idle
47.18,-0.302418,-0.093262,-0.051995,-0.864549,-0.387361,-0.320165,-0.014952,-0.025969,0.033743,0.790341,0.355193,-0.462337,0.188267,83.0,3.0,4.0,APULL,28,Idle
47.19,-0.300941,-0.078806,-0.035558,-0.864504,-0.387112,-0.320588,-0.020673,0.002743,0.036927,0.790745,0.354297,-0.462796,0.187128,83.0,3.0,4.0,APULL,28,Idle
47.2,-0.256818,-0.049639,-0.032686,-0.864655,-0.385926,-0.321611,-0.03154,0.039857,0.040864,0.791237,0.353009,-0.463227,0.186411,83.0,3.0,4.0,APULL,28,Idle
47.21,-0.173066,-0.033785,-0.050221,-0.864741,-0.384757,-0.322776,-0.02184,0.04792,0.0214,0.791715,0.351846,-0.463483,0.185945,83.0,3.0,4.0,APULL,28,Idle
47.22,-0.134004,-0.022473,-0.055149,-0.864735,-0.384338,-0.323293,-0.003734,0.032241,0.004537,0.79199,0.351225,-0.463675,0.18547,83.0,3.0,4.0,APULL,28,Idle
47.23,-0.134004,-0.022473,-0.055149,-0.864735,-0.384338,-0.323293,-0.003734,0.032241,0.004537,0.79199,0.351225,-0.463675,0.18547,83.0,3.0,4.0,APULL,28,Idle
47.24,-0.147771,-0.002422,-0.049122,-0.864724,-0.384343,-0.323315,0.012948,0.005772,0.000927,0.792125,0.350902,-0.463908,0.184922,83.0,3.0,4.0,APULL,28,Idle
47.25,-0.179044,0.010497,-0.045892,-0.864631,-0.384688,-0.323153,0.02375,-0.023637,-0.009519,0.792245,0.350694,-0.464152,0.184188,83.0,3.0,4.0,APULL,28,Idle
47.26,-0.19486,0.020216,-0.040247,-0.864419,-0.385118,-0.323208,0.024011,-0.057951,-0.019169,0.792451,0.350436,-0.464318,0.183374,83.0,3.0,4.0,APULL,28,Idle
47.27,-0.203067,0.042419,-0.035659,-0.864241,-0.38514,-0.323659,0.013197,-0.066276,-0.031123,0.792751,0.349945,-0.464445,0.18269,83.0,3.0,4.0,APULL,28,Idle
47.28,-0.180456,0.059104,-0.025204,-0.864204,-0.384709,-0.324269,0.006431,-0.058406,-0.033489,0.793049,0.349306,-0.464597,0.182228,83.0,3.0,4.0,APULL,28,Idle
47.29,-0.191052,0.080138,-0.023103,-0.86434,-0.383767,-0.325022,0.007758,-0.044181,-0.041967,0.793344,0.348486,-0.464808,0.18198,83.0,3.0,4.0,APULL,28,Idle
47.3,-0.198312,0.092506,-0.029888,-0.864454,-0.382581,-0.326116,0.027906,-0.035296,-0.055796,0.79373,0.347499,-0.464958,0.181801,83.0,3.0,4.0,APULL,28,Idle
47.31,-0.166486,0.106002,-0.038071,-0.864217,-0.381868,-0.327577,0.047368,-0.03163,-0.06729,0.794253,0.346627,-0.464824,0.181523,83.0,3.0,4.0,APULL,28,Idle
47.32,-0.115189,0.12043,-0.037177,-0.863693,-0.381764,-0.329077,0.050048,-0.025142,-0.06846,0.794792,0.346068,-0.464433,0.181232,83.0,3.0,4.0,APULL,28,Idle
47.33,-0.03808,0.13813,-0.019531,-0.862939,-0.382171,-0.330577,0.048654,-0.018678,-0.043782,0.795311,0.345833,-0.463801,0.181024,83.0,3.0,4.0,APULL,28,Idle
47.34,0.064187,0.143816,0.000448,-0.861989,-0.383156,-0.331912,0.040823,-0.031548,-0.02847,0.795735,0.346052,-0.462917,0.181001,83.0,3.0,4.0,APULL,28,Idle
47.35,0.094183,0.158275,0.012477,-0.860957,-0.384405,-0.333145,0.03596,-0.035059,0.001129,0.796085,0.346544,-0.461881,0.181164,83.0,3.0,4.0,APULL,28,Idle
47.36,0.087211,0.181668,0.019487,-0.859944,-0.385444,-0.33456,0.032047,-0.02987,0.038356,0.796459,0.346966,-0.460798,0.181474,83.0,3.0,4.0,APULL,28,Idle
47.37,0.087383,0.201571,0.024185,-0.858962,-0.386143,-0.336271,0.022307,-0.031581,0.06053,0.796892,0.347224,-0.459673,0.18193,83.0,3.0,4.0,APULL,28,Idle
47.38,0.053873,0.213948,0.021425,-0.857949,-0.386595,-0.338332,0.004982,-0.021349,0.083724,0.797424,0.347295,-0.458498,0.182431,83.0,3.0,4.0,APULL,28,Idle
47.39,0.055433,0.223104,0.025566,-0.856944,-0.386865,-0.340563,-0.015661,-0.004981,0.09833,0.798006,0.347236,-0.457325,0.182942,83.0,3.0,4.0,APULL,28,Idle
47.4,0.087871,0.232271,0.040655,-0.856023,-0.38703,-0.342683,-0.024729,0.005637,0.111741,0.798523,0.347217,-0.456178,0.183582,83.0,3.0,4.0,APULL,28,Idle
47.41,0.095899,0.236187,0.054877,-0.855249,-0.387075,-0.344561,-0.029807,0.03031,0.113299,0.79893,0.34727,-0.455107,0.184368,83.0,3.0,4.0,APULL,28,Idle
47.42,0.091747,0.233918,0.036647,-0.854483,-0.387199,-0.346317,-0.034052,0.050163,0.109989,0.799306,0.347371,-0.454065,0.185118,83.0,3.0,4.0,APULL,28,Idle
47.43,0.079967,0.216237,0.025091,-0.853737,-0.38747,-0.347851,-0.039207,0.046711,0.096325,0.799637,0.347534,-0.453095,0.185758,83.0,3.0,4.0,APULL,28,Idle
47.44,0.055291,0.185793,0.021554,-0.853124,-0.387737,-0.349054,-0.038996,0.041653,0.083383,0.79989,0.347705,-0.452299,0.186286,83.0,3.0,4.0,APULL,28,Idle
47.45,0.00037,0.144671,0.020964,-0.852671,-0.387904,-0.349975,-0.031393,0.050853,0.059524,0.800095,0.347787,-0.451726,0.186641,83.0,3.0,4.0,APULL,28,Idle
47.46,-0.024752,0.097615,-0.008016,-0.852411,-0.388007,-0.350493,-0.023184,0.067451,0.028701,0.800225,0.347804,-0.451426,0.186781,83.0,3.0,4.0,APULL,28,Idle
47.47,-0.046249,0.051304,-0.029438,-0.852353,-0.388153,-0.350475,-0.019474,0.064987,0.008052,0.800238,0.347839,-0.45141,0.186699,83.0,3.0,4.0,APULL,28,Idle
47.48,-0.063501,0.003165,-0.030443,-0.852583,-0.388244,-0.349812,-0.015367,0.044021,0.004842,0.800084,0.347909,-0.451723,0.186474,83.0,3.0,4.0,APULL,28,Idle
47.49,-0.114044,-0.024641,-0.021502,-0.853142,-0.387912,-0.348817,-0.006813,0.016254,0.016557,0.799837,0.347801,-0.452356,0.186198,83.0,3.0,4.0,APULL,28,Idle
47.5,-0.159507,-0.045506,-0.026135,-0.853961,-0.387098,-0.347715,0.003101,-0.010104,0.029691,0.79957,0.347427,-0.453251,0.185865,83.0,3.0,4.0,APULL,28,Idle
47.51,-0.181264,-0.062288,-0.016993,-0.854816,-0.386147,-0.346671,0.015949,-0.02317,0.033881,0.799345,0.346906,-0.454226,0.185424,83.0,3.0,4.0,APULL,28,Idle
47.52,-0.155044,-0.065145,0.002339,-0.855652,-0.38515,-0.345716,0.022995,-0.01872,0.038435,0.799143,0.346353,-0.455172,0.185009,83.0,3.0,4.0,APULL,28,Idle
47.53,-0.079056,-0.052719,0.023191,-0.856441,-0.384052,-0.344982,0.024471,-0.011288,0.038906,0.798952,0.345837,-0.455967,0.184841,83.0,3.0,4.0,APULL,28,Idle
47.54,-0.005512,-0.038529,0.036559,-0.857161,-0.382878,-0.344501,0.023237,-0.006039,0.027652,0.79876,0.345422,-0.456545,0.185022,83.0,3.0,4.0,APULL,28,Idle
47.55,0.026295,-0.030087,0.031523,-0.857742,-0.381855,-0.344187,0.023224,-0.003887,0.012477,0.798578,0.345153,-0.45692,0.185381,83.0,3.0,4.0,APULL,28,Idle
47.56,0.042337,-0.036955,0.037113,-0.858212,-0.381123,-0.343828,0.018917,-0.019603,-0.001692,0.798389,0.345033,-0.457207,0.185713,83.0,3.0,4.0,APULL,28,Idle
47.57,0.039298,-0.046642,0.040539,-0.858635,-0.380812,-0.343116,0.014076,-0.032976,-0.012048,0.798115,0.345152,-0.457507,0.185931,83.0,3.0,4.0,APULL,28,Idle
47.58,0.004572,-0.050387,0.044727,-0.858977,-0.380927,-0.342131,0.008193,-0.023721,-0.012178,0.797805,0.345436,-0.45783,0.185937,83.0,3.0,4.0,APULL,28,Idle
47.59,-0.0176,-0.051032,0.035515,-0.859174,-0.38134,-0.341176,0.005414,-0.010949,-0.012004,0.79755,0.345761,-0.458107,0.185746,83.0,3.0,4.0,APULL,28,Idle
47.6,-0.033042,-0.054347,0.016302,-0.859351,-0.381803,-0.340211,0.004874,0.002103,-0.012374,0.797318,0.346049,-0.458416,0.185442,83.0,3.0,4.0,APULL,28,Idle
47.61,-0.039686,-0.039966,0.005403,-0.859508,-0.382273,-0.339285,0.00294,0.010584,-0.000986,0.797109,0.346305,-0.458727,0.185092,83.0,3.0,4.0,APULL,28,Idle
47.62,-0.03613,-0.028154,-0.013329,-0.859527,-0.382806,-0.338635,0.000701,0.017343,0.001142,0.796989,0.346528,-0.458913,0.184732,83.0,3.0,4.0,APULL,28,Idle
47.63,-0.033688,-0.018149,-0.021684,-0.859266,-0.383407,-0.338618,0.002729,0.018356,-0.003622,0.797069,0.346641,-0.458837,0.184365,83.0,3.0,4.0,APULL,28,Idle
47.64,-0.034105,-0.012217,-0.028379,-0.858606,-0.384483,-0.339071,0.003228,0.012169,-0.006739,0.797325,0.346829,-0.458447,0.183869,83.0,3.0,4.0,APULL,28,Idle
47.65,-0.025813,-0.008105,-0.023283,-0.85772,-0.385861,-0.339747,0.005669,0.000852,-0.002065,0.797668,0.347088,-0.457882,0.183302,83.0,3.0,4.0,APULL,28,Idle
47.66,-0.013621,-0.006673,-0.020406,-0.857125,-0.38671,-0.340283,0.007714,-0.011361,0.003796,0.797919,0.347214,-0.457494,0.18294,83.0,3.0,4.0,APULL,28,Idle
47.67,-0.017788,0.002687,-0.024089,-0.856772,-0.387026,-0.340812,0.006644,-0.013609,0.014503,0.798124,0.347167,-0.457241,0.182769,83.0,3.0,4.0,APULL,28,Idle
47.68,-0.033317,0.011823,-0.020795,-0.856591,-0.386852,-0.341464,0.001687,-0.009098,0.023151,0.798337,0.346908,-0.457081,0.182732,83.0,3.0,4.0,APULL,28,Idle
47.69,-0.04028,0.015764,-0.023066,-0.856671,-0.386432,-0.341739,0.002087,-0.005536,0.025104,0.798423,0.346622,-0.457148,0.182731,83.0,3.0,4.0,APULL,28,Idle
47.7,-0.031499,0.015214,-0.008577,-0.856902,-0.385745,-0.341935,0.004958,0.00165,0.01793,0.798462,0.346266,-0.45731,0.182826,83.0,3.0,4.0,APULL,28,Idle
47.71,-0.015657,0.010271,-0.011644,-0.857073,-0.385083,-0.342252,0.006777,0.014188,0.010465,0.798531,0.34592,-0.457399,0.182961,83.0,3.0,4.0,APULL,28,Idle
47.72,-0.011165,0.01219,-0.003577,-0.857118,-0.384677,-0.342595,0.005235,0.027072,0.00826,0.798617,0.34568,-0.457392,0.183054,83.0,3.0,4.0,APULL,28,Idle
47.73,0.010311,0.001969,-0.008377,-0.857027,-0.3848,-0.342686,0.00577,0.036167,-0.009914,0.798653,0.345706,-0.457323,0.183021,83.0,3.0,4.0,APULL,28,Idle
47.74,0.022925,-0.007344,-0.00552,-0.856845,-0.38544,-0.342422,0.007342,0.035862,-0.020203,0.798604,0.346023,-0.457227,0.182874,83.0,3.0,4.0,APULL,28,Idle
47.75,0.01382,-0.017691,-0.006074,-0.856793,-0.386158,-0.341743,0.00935,0.029697,-0.018242,0.798434,0.346449,-0.457276,0.182686,83.0,3.0,4.0,APULL,28,Idle
47.76,-0.028377,-0.021811,-0.004836,-0.856947,-0.386577,-0.340882,0.010908,0.013942,-0.006546,0.798212,0.346746,-0.457522,0.182479,83.0,3.0,4.0,APULL,28,Idle
47.77,-0.065852,-0.027478,-0.005656,-0.857167,-0.386753,-0.340127,0.012639,-0.001675,-0.001471,0.798039,0.346848,-0.457857,0.182201,83.0,3.0,4.0,APULL,28,Idle
47.78,-0.08949,-0.026524,-0.007829,-0.857383,-0.386586,-0.339773,0.009879,-0.004939,0.004202,0.797992,0.346677,-0.45818,0.181921,83.0,3.0,4.0,APULL,28,Idle
47.79,-0.08032,-0.022252,-0.007811,-0.857618,-0.38603,-0.339813,0.00308,0.004865,0.0038,0.798045,0.346271,-0.458465,0.181747,83.0,3.0,4.0,APULL,28,Idle
47.8,-0.029599,-0.00961,-0.000243,-0.857968,-0.385181,-0.339893,-0.001575,0.013218,0.007419,0.79806,0.345822,-0.45876,0.181786,83.0,3.0,4.0,APULL,28,Idle
47.81,0.025843,0.000813,0.009143,-0.858219,-0.384149,-0.340427,-0.003033,0.02781,0.009251,0.798154,0.345337,-0.458834,0.18211,83.0,3.0,4.0,APULL,28,Idle
47.82,0.055429,0.006684,-0.003721,-0.858291,-0.383418,-0.341067,0.004272,0.030314,0.00545,0.798262,0.345038,-0.458711,0.182515,83.0,3.0,4.0,APULL,28,Idle
47.83,0.050522,0.018508,-0.016643,-0.858218,-0.383116,-0.34159,0.004703,0.028318,0.00106,0.798359,0.344928,-0.458508,0.182808,83.0,3.0,4.0,APULL,28,Idle
47.84,0.029141,0.021273,-0.012527,-0.858064,-0.383224,-0.341855,0.006883,0.01358,-0.002658,0.798413,0.344998,-0.45831,0.182932,83.0,3.0,4.0,APULL,28,Idle
47.85,0.020646,0.008037,-0.010591,-0.857823,-0.383647,-0.341987,0.006916,-0.001591,-0.010766,0.798461,0.34518,-0.458102,0.182904,83.0,3.0,4.0,APULL,28,Idle
47.86,0.009274,0.01087,-0.006585,-0.857662,-0.384086,-0.341898,0.004543,-0.0057,-0.010839,0.79845,0.345392,-0.457991,0.182831,83.0,3.0,4.0,APULL,28,Idle
47.87,0.020174,0.009135,0.00195,-0.857667,-0.384127,-0.341838,0.005616,0.003497,-0.013112,0.798422,0.345448,-0.457981,0.182868,83.0,3.0,4.0,APULL,28,Idle
47.88,0.016602,0.011815,0.006212,-0.85786,-0.383858,-0.341657,0.012569,0.01017,-0.009997,0.798325,0.345447,-0.458081,0.183046,83.0,3.0,4.0,APULL,28,Idle
47.89,0.004636,0.016791,-0.007158,-0.85818,-0.383216,-0.341575,0.01211,0.013389,-0.010049,0.798241,0.345268,-0.458261,0.183299,83.0,3.0,4.0,APULL,28,Idle
47.9,-0.004412,0.021897,-0.010495,-0.858392,-0.38261,-0.341721,0.007028,0.000408,-0.004439,0.798239,0.345032,-0.458358,0.183509,83.0,3.0,4.0,APULL,28,Idle
47.91,-0.00745,0.021035,-0.00677,-0.858514,-0.382021,-0.342074,-0.002128,-0.001768,-0.001371,0.798306,0.344747,-0.458381,0.183697,83.0,3.0,4.0,APULL,28,Idle
47.92,-0.001962,0.029677,0.004174,-0.858465,-0.381764,-0.342482,-0.006144,0.003804,0.00743,0.798409,0.34458,-0.458283,0.183803,83.0,3.0,4.0,APULL,28,Idle
47.93,0.002487,0.037418,0.005826,-0.858199,-0.381823,-0.343081,-0.000275,0.012896,0.015917,0.798583,0.344513,-0.458007,0.183863,83.0,3.0,4.0,APULL,28,Idle
47.94,0.012391,0.046572,0.000255,-0.857868,-0.382038,-0.34367,0.005405,0.011646,0.009259,0.798759,0.344518,-0.457681,0.183901,83.0,3.0,4.0,APULL,28,Idle
47.95,0.014171,0.05469,-0.005467,-0.857561,-0.382088,-0.344382,0.00702,0.000435,0.014716,0.798954,0.344455,-0.457339,0.184022,83.0,3.0,4.0,APULL,28,Idle
47.96,0.009917,0.05357,0.004212,-0.857293,-0.382035,-0.345105,0.000848,-0.006042,0.009702,0.799145,0.344354,-0.45702,0.184175,83.0,3.0,4.0,APULL,28,Idle
47.97,0.003311,0.052851,0.008016,-0.857112,-0.3818,-0.345814,0.007595,-0.003591,0.008716,0.799321,0.344184,-0.456761,0.18437,83.0,3.0,4.0,APULL,28,Idle
47.98,-0.006622,0.054316,0.0055,-0.856919,-0.381767,-0.34633,0.014511,-0.001031,0.010042,0.799458,0.344112,-0.456532,0.184477,83.0,3.0,4.0,APULL,28,Idle
47.99,-0.020803,0.037393,0.005337,-0.856808,-0.381702,-0.346676,0.01672,0.005817,-0.008548,0.799551,0.344038,-0.456398,0.184543,83.0,3.0,4.0,APULL,28,Idle
48.0,-0.03564,0.025562,0.003444,-0.856888,-0.381457,-0.346747,0.022614,0.019321,-0.019052,0.799566,0.34391,-0.456457,0.184574,83.0,3.0,4.0,APULL,28,Idle
48.01,-0.031972,0.023844,0.000517,-0.857077,-0.381094,-0.34668,0.022757,0.029287,-0.026321,0.799541,0.343741,-0.45662,0.184592,83.0,3.0,4.0,APULL,28,Idle
48.02,-0.007955,0.023277,-0.002691,-0.857147,-0.38087,-0.346753,0.018234,0.043559,-0.024554,0.799557,0.343622,-0.45667,0.184621,83.0,3.0,4.0,APULL,28,Idle
48.03,0.024849,0.023904,-0.010167,-0.857117,-0.381076,-0.3466,0.016464,0.049533,-0.017368,0.799511,0.343762,-0.456649,0.184612,83.0,3.0,4.0,APULL,28,Idle
48.04,0.078404,0.018063,-0.017924,-0.857021,-0.381498,-0.346375,0.015437,0.045286,-0.00589,0.799431,0.34406,-0.456547,0.184655,83.0,3.0,4.0,APULL,28,Idle
48.05,0.0921,0.024924,-0.033178,-0.856837,-0.382143,-0.346117,0.021663,0.038058,-0.018065,0.799327,0.344519,-0.456343,0.184755,83.0,3.0,4.0,APULL,28,Idle
48.06,0.108183,0.016092,-0.040443,-0.856594,-0.3829,-0.345881,0.026089,0.032208,-0.012243,0.799234,0.345023,-0.45609,0.184841,83.0,3.0,4.0,APULL,28,Idle
48.07,0.109206,0.02772,-0.037965,-0.856294,-0.3836,-0.345849,0.014161,-0.008322,0.01449,0.799191,0.345485,-0.455758,0.184984,83.0,3.0,4.0,APULL,28,Idle
48.08,0.091538,0.016096,-0.01868,-0.856029,-0.383943,-0.346124,0.011852,-0.045287,0.020044,0.799224,0.345736,-0.455417,0.185213,83.0,3.0,4.0,APULL,28,Idle
48.09,0.05743,0.018903,-0.016429,-0.855864,-0.384055,-0.34641,0.030348,-0.048898,0.034642,0.799258,0.345868,-0.45516,0.185451,83.0,3.0,4.0,APULL,28,Idle
48.1,0.041606,0.034302,-0.028126,-0.855719,-0.383963,-0.346868,0.023719,-0.026072,0.040136,0.799355,0.34583,-0.454937,0.185651,83.0,3.0,4.0,APULL,28,Idle
48.11,0.078563,0.022805,-0.015649,-0.855614,-0.383926,-0.347167,0.001198,-0.033082,0.041687,0.799393,0.345878,-0.454736,0.185887,83.0,3.0,4.0,APULL,28,Idle
48.12,0.096073,0.027459,0.007519,-0.85562,-0.383898,-0.347183,-0.016206,-0.031675,0.063065,0.799315,0.346063,-0.454586,0.186245,83.0,3.0,4.0,APULL,28,Idle
48.13,0.124978,0.030851,0.001216,-0.855546,-0.38396,-0.347298,-0.013091,0.017749,0.067406,0.799254,0.346307,-0.454338,0.186661,83.0,3.0,4.0,APULL,28,Idle
48.14,0.159749,0.041843,-0.006738,-0.855411,-0.384278,-0.347279,-0.004345,0.046357,0.059238,0.799144,0.346731,-0.454025,0.187103,83.0,3.0,4.0,APULL,28,Idle
48.15,0.177153,0.032973,-0.025048,-0.855205,-0.385136,-0.346835,0.006389,0.038136,0.059344,0.798925,0.347482,-0.453695,0.187448,83.0,3.0,4.0,APULL,28,Idle
48.16,0.123907,0.023314,-0.021308,-0.854939,-0.386246,-0.346257,0.029973,0.026276,0.045643,0.798697,0.348313,-0.453376,0.187645,83.0,3.0,4.0,APULL,28,Idle
48.17,0.012626,0.011469,-0.031154,-0.854642,-0.38724,-0.345879,0.053433,0.022662,0.039895,0.798599,0.348878,-0.453149,0.187562,83.0,3.0,4.0,APULL,28,Idle
48.18,-0.114201,0.005501,-0.023834,-0.854486,-0.387569,-0.345897,0.062219,-0.01064,0.067486,0.798674,0.348881,-0.453137,0.187267,83.0,3.0,4.0,APULL,28,Idle
48.19,-0.192951,-0.010368,0.002061,-0.854469,-0.387347,-0.346186,0.072075,-0.042432,0.069284,0.798874,0.348433,-0.453323,0.186799,83.0,3.0,4.0,APULL,28,Idle
48.2,-0.269078,-0.009209,0.016709,-0.854638,-0.386628,-0.346574,0.092751,-0.036224,0.087678,0.799125,0.347648,-0.453712,0.186242,83.0,3.0,4.0,APULL,28,Idle
48.21,-0.321871,0.019253,0.026345,-0.854856,-0.385325,-0.347485,0.102293,-0.009801,0.107144,0.799543,0.346427,-0.454143,0.18567,83.0,3.0,4.0,APULL,28,Idle
48.22,-0.300713,0.034954,0.040708,-0.855026,-0.383828,-0.348721,0.110901,-0.01522,0.103283,0.800042,0.34508,-0.454488,0.185185,83.0,3.0,4.0,APULL,28,Idle
48.23,-0.303257,0.057635,0.078465,-0.855197,-0.382176,-0.350113,0.112994,-0.027248,0.111191,0.800557,0.343696,-0.454771,0.184839,83.0,3.0,4.0,APULL,28,Idle
48.24,-0.322852,0.087222,0.098259,-0.855338,-0.380312,-0.351795,0.112006,-0.016051,0.123966,0.801136,0.342198,-0.454976,0.184606,83.0,3.0,4.0,APULL,28,Idle
48.25,-0.342414,0.117256,0.093463,-0.855336,-0.378328,-0.353934,0.109456,0.000673,0.119604,0.80185,0.340554,-0.455034,0.184402,83.0,3.0,4.0,APULL,28,Idle
48.26,-0.375719,0.130157,0.10071,-0.855269,-0.376317,-0.35623,0.107619,-0.003764,0.121199,0.802623,0.338834,-0.455056,0.184148,83.0,3.0,4.0,APULL,28,Idle
48.27,-0.453272,0.160252,0.116872,-0.855147,-0.37405,-0.358901,0.119292,0.007626,0.139113,0.803523,0.336873,-0.455046,0.18385,83.0,3.0,4.0,APULL,28,Idle
48.28,-0.502952,0.185034,0.122452,-0.85495,-0.371423,-0.362086,0.146606,0.02752,0.143717,0.804598,0.334571,-0.454994,0.183482,83.0,3.0,4.0,APULL,28,Idle
48.29,-0.540291,0.212571,0.113375,-0.854653,-0.36851,-0.365742,0.176187,0.039012,0.139607,0.80582,0.33201,-0.454861,0.183099,83.0,3.0,4.0,APULL,28,Idle
48.3,-0.591382,0.239273,0.091289,-0.854198,-0.365557,-0.369748,0.195873,0.058825,0.138196,0.807177,0.329284,-0.45464,0.182589,83.0,3.0,4.0,APULL,28,Idle
48.31,-0.662628,0.28275,0.068472,-0.853518,-0.362558,-0.374245,0.199083,0.073267,0.137398,0.808725,0.326334,-0.454295,0.181897,83.0,3.0,4.0,APULL,28,Idle
48.32,-0.701704,0.304438,0.073968,-0.852639,-0.359398,-0.379261,0.197,0.047432,0.148319,0.810451,0.32314,-0.453817,0.181108,83.0,3.0,4.0,APULL,28,Idle
48.33,-0.749705,0.34159,0.09127,-0.851712,-0.355951,-0.38456,0.20596,0.019586,0.166604,0.812259,0.319745,-0.453302,0.180322,83.0,3.0,4.0,APULL,28,Idle
48.34,-0.843854,0.407594,0.108411,-0.85061,-0.352016,-0.390574,0.216988,0.029201,0.223734,0.814287,0.315938,-0.452655,0.179509,83.0,3.0,4.0,APULL,28,Idle
48.35,-0.909655,0.485453,0.128426,-0.849255,-0.347543,-0.397467,0.231625,0.034937,0.230552,0.816576,0.311682,-0.451797,0.178709,83.0,3.0,4.0,APULL,28,Idle
48.36,-1.032329,0.526825,0.159613,-0.847708,-0.342457,-0.40511,0.233573,0.036564,0.201176,0.819088,0.306961,-0.450799,0.177906,83.0,3.0,4.0,APULL,28,Idle
48.37,-1.225996,0.556295,0.220832,-0.846117,-0.336242,-0.413554,0.228792,0.044448,0.197612,0.821866,0.30142,-0.449855,0.176958,83.0,3.0,4.0,APULL,28,Idle
48.38,-1.416041,0.591017,0.290607,-0.844573,-0.328542,-0.422795,0.242553,0.028936,0.232305,0.824899,0.294893,-0.449044,0.175897,83.0,3.0,4.0,APULL,28,Idle
48.39,-1.546992,0.651673,0.351677,-0.842963,-0.31946,-0.432849,0.277442,0.021868,0.296207,0.828173,0.287479,-0.448254,0.174795,83.0,3.0,4.0,APULL,28,Idle
48.4,-1.635499,0.762788,0.395049,-0.841038,-0.309326,-0.443816,0.306827,0.025787,0.354461,0.83169,0.279413,-0.447236,0.173783,83.0,3.0,4.0,APULL,28,Idle
48.41,-1.703067,0.893755,0.444773,-0.838574,-0.298283,-0.455874,0.321087,0.032414,0.387011,0.835483,0.270782,-0.445803,0.17293,83.0,3.0,4.0,APULL,28,Idle
48.42,-1.800426,1.04178,0.516185,-0.835479,-0.286176,-0.469125,0.32347,0.004514,0.409097,0.839558,0.261555,-0.443876,0.172352,83.0,3.0,4.0,APULL,28,Idle
48.43,-1.981091,1.166052,0.620513,-0.831788,-0.272448,-0.483634,0.322098,-0.019331,0.412589,0.843947,0.251386,-0.441575,0.171959,83.0,3.0,4.0,APULL,28,Idle
48.44,-2.152974,1.284766,0.761287,-0.827587,-0.256529,-0.499293,0.312129,-0.049532,0.410242,0.848601,0.240038,-0.439016,0.17182,83.0,3.0,4.0,APULL,28,Idle
48.45,-2.333315,1.413001,0.902427,-0.822796,-0.238263,-0.515983,0.291317,-0.085452,0.436363,0.853463,0.227503,-0.436178,0.172026,83.0,3.0,4.0,APULL,28,Idle
48.46,-2.519113,1.529406,1.054528,-0.817277,-0.217467,-0.533635,0.269318,-0.093263,0.469716,0.858515,0.213683,-0.433038,0.17254,83.0,3.0,4.0,APULL,28,Idle
48.47,-2.560919,1.619097,1.23457,-0.811068,-0.194302,-0.551739,0.284868,-0.094044,0.435956,0.863561,0.198861,-0.429633,0.173585,83.0,3.0,4.0,APULL,28,Idle
48.48,-2.524028,1.701946,1.407152,-0.80415,-0.169303,-0.569806,0.308728,-0.071832,0.376432,0.868399,0.183537,-0.425924,0.175459,83.0,3.0,4.0,APULL,28,Idle
48.49,-2.491209,1.813143,1.56148,-0.796301,-0.142906,-0.587778,0.315283,-0.029671,0.314173,0.87301,0.167927,-0.421795,0.178165,83.0,3.0,4.0,APULL,28,Idle
48.5,-2.550639,1.889295,1.70812,-0.787313,-0.114848,-0.605762,0.319708,-0.018788,0.279911,0.877457,0.15176,-0.417238,0.181524,83.0,3.0,4.0,APULL,28,Idle
48.51,-2.613418,1.962062,1.879328,-0.777244,-0.084939,-0.62344,0.35929,-0.068076,0.25578,0.881663,0.134915,-0.412405,0.185449,83.0,3.0,4.0,APULL,28,Idle
48.52,-2.805178,2.036932,2.037873,-0.765922,-0.052687,-0.640772,0.386436,-0.074037,0.26745,0.885633,0.117058,-0.407323,0.189842,83.0,3.0,4.0,APULL,28,Idle
48.53,-3.036632,2.099491,2.167871,-0.753216,-0.017678,-0.657536,0.384335,-0.013771,0.293828,0.889372,0.097818,-0.402074,0.194386,83.0,3.0,4.0,APULL,28,Idle
48.54,-3.273296,2.169822,2.295662,-0.738972,0.020047,-0.673438,0.380863,0.064335,0.322196,0.89282,0.07717,-0.396643,0.198976,83.0,3.0,4.0,APULL,28,Idle
48.55,-3.503697,2.258183,2.418159,-0.722915,0.060449,-0.688287,0.384963,0.163824,0.333765,0.89593,0.055102,-0.390922,0.203601,83.0,3.0,4.0,APULL,28,Idle
48.56,-3.725892,2.359073,2.529788,-0.704821,0.103347,-0.701817,0.396044,0.262482,0.347431,0.898645,0.031654,-0.384824,0.208198,83.0,3.0,4.0,APULL,28,Idle
48.57,-3.892144,2.457935,2.632877,-0.684501,0.14837,-0.713754,0.40818,0.337409,0.300103,0.90089,0.006992,-0.378252,0.212778,83.0,3.0,4.0,APULL,28,Idle
48.58,-4.01276,2.553876,2.728881,-0.661842,0.194932,-0.723855,0.423439,0.374465,0.25805,0.902585,-0.018593,-0.371116,0.217411,83.0,3.0,4.0,APULL,28,Idle
48.59,-4.136924,2.663694,2.825656,-0.636715,0.242719,-0.731903,0.425747,0.381182,0.227371,0.903681,-0.045008,-0.363349,0.222062,83.0,3.0,4.0,APULL,28,Idle
48.6,-4.23963,2.765465,2.925322,-0.609024,0.291525,-0.737634,0.434494,0.357965,0.18467,0.904105,-0.072213,-0.35492,0.226739,83.0,3.0,4.0,APULL,28,Idle
48.61,-4.357909,2.857029,3.020802,-0.578783,0.34104,-0.740744,0.455691,0.316522,0.167761,0.90377,-0.100107,-0.345842,0.231454,83.0,3.0,4.0,APULL,28,Idle
48.62,-4.570649,2.951384,3.111665,-0.545974,0.391418,-0.740745,0.46788,0.285233,0.188118,0.902585,-0.12892,-0.336165,0.236038,83.0,3.0,4.0,APULL,28,Idle
48.63,-4.859838,3.028793,3.21668,-0.510613,0.44304,-0.736878,0.475243,0.264647,0.213929,0.900374,-0.159008,-0.326002,0.240346,83.0,3.0,4.0,APULL,28,Idle
48.64,-5.119382,3.036511,3.323868,-0.472924,0.495842,-0.728344,0.486946,0.248284,0.225277,0.896911,-0.190443,-0.315531,0.244384,83.0,3.0,4.0,APULL,28,Idle
48.65,-5.241555,2.993719,3.46724,-0.433349,0.54878,-0.714877,0.506957,0.241152,0.182178,0.89204,-0.222692,-0.304909,0.248401,83.0,3.0,4.0,APULL,28,Idle
48.66,-5.157237,2.922754,3.65628,-0.391918,0.600381,-0.697096,0.536114,0.243735,0.06439,0.885775,-0.25496,-0.294019,0.252886,83.0,3.0,4.0,APULL,28,Idle
48.67,-4.939992,2.879713,3.842301,-0.348465,0.64908,-0.676216,0.547226,0.243208,-0.07621,0.87831,-0.286426,-0.282582,0.258224,83.0,3.0,4.0,APULL,28,Idle
48.68,-4.701777,2.833279,3.972251,-0.303092,0.693961,-0.65311,0.508781,0.222238,-0.144634,0.86987,-0.316695,-0.270461,0.264352,83.0,3.0,4.0,APULL,28,Idle
48.69,-4.511394,2.740659,4.04768,-0.256453,0.734723,-0.628024,0.44972,0.186878,-0.168408,0.86055,-0.345667,-0.25788,0.271046,83.0,3.0,4.0,APULL,28,Idle
48.7,-4.469444,2.618029,4.08597,-0.20923,0.771808,-0.600446,0.400545,0.183957,-0.150729,0.850257,-0.373689,-0.245223,0.278004,83.0,3.0,4.0,APULL,28,Idle
48.71,-4.509546,2.479462,4.139548,-0.161783,0.805746,-0.569736,0.362909,0.202402,-0.11311,0.838802,-0.401174,-0.23279,0.285096,83.0,3.0,4.0,APULL,28,Idle
48.72,-4.590131,2.36342,4.20295,-0.114043,0.836693,-0.535668,0.330717,0.234657,-0.066093,0.826073,-0.428371,-0.220601,0.292296,83.0,3.0,4.0,APULL,28,Idle
48.73,-4.635232,2.265349,4.267128,-0.065958,0.864459,-0.498358,0.305018,0.257825,-0.028497,0.812052,-0.455315,-0.208588,0.299583,83.0,3.0,4.0,APULL,28,Idle
48.74,-4.563979,2.22568,4.363445,-0.017333,0.888369,-0.458803,0.290923,0.234922,0.025759,0.796956,-0.481675,-0.196437,0.307023,83.0,3.0,4.0,APULL,28,Idle
48.75,-4.2405,2.110029,4.477876,0.032068,0.907476,-0.418879,0.272162,0.19076,0.102961,0.781195,-0.506748,-0.183758,0.314919,83.0,3.0,4.0,APULL,28,Idle
48.76,-3.839606,1.940213,4.486125,0.081328,0.921094,-0.380751,0.267687,0.235339,0.1631,0.765335,-0.529605,-0.170712,0.323478,83.0,3.0,4.0,APULL,28,Idle
48.77,-3.430539,1.791389,4.472898,0.129589,0.929629,-0.344958,0.271579,0.318906,0.186847,0.749655,-0.550187,-0.15753,0.332411,83.0,3.0,4.0,APULL,28,Idle
48.78,-2.867925,1.658944,4.502621,0.177174,0.933121,-0.31288,0.266658,0.315612,0.188033,0.734539,-0.568208,-0.143875,0.341897,83.0,3.0,4.0,APULL,28,Idle
48.79,-2.310481,1.548993,4.47577,0.22396,0.931848,-0.285484,0.254189,0.333807,0.153526,0.720375,-0.583502,-0.129553,0.351854,83.0,3.0,4.0,APULL,28,Idle
48.8,-1.742872,1.420196,4.412221,0.269434,0.92643,-0.26293,0.252584,0.37603,0.04621,0.707346,-0.596132,-0.114726,0.362114,83.0,3.0,4.0,APULL,28,Idle
48.81,-1.126251,1.264076,4.342653,0.313295,0.917307,-0.245754,0.26631,0.41178,-0.092686,0.695686,-0.605994,-0.099471,0.37269,83.0,3.0,4.0,APULL,28,Idle
48.82,-0.593472,1.119396,4.256674,0.35544,0.904939,-0.233983,0.251372,0.428038,-0.179591,0.685487,-0.613175,-0.083816,0.383536,83.0,3.0,4.0,APULL,28,Idle
48.83,-0.222379,0.99771,4.152257,0.395664,0.890051,-0.226404,0.202801,0.453424,-0.228552,0.676464,-0.618199,-0.068033,0.394459,83.0,3.0,4.0,APULL,28,Idle
48.84,0.108281,0.882451,4.073651,0.434083,0.873088,-0.222014,0.144454,0.44579,-0.257845,0.668346,-0.621504,-0.052211,0.405365,83.0,3.0,4.0,APULL,28,Idle
48.85,0.252703,0.801409,3.950428,0.470695,0.854443,-0.219938,0.108498,0.470462,-0.297366,0.660894,-0.623458,-0.03648,0.416158,83.0,3.0,4.0,APULL,28,Idle
48.86,0.21449,0.709844,3.783565,0.505108,0.835007,-0.218242,0.090061,0.542374,-0.288548,0.653582,-0.624838,-0.021382,0.426557,83.0,3.0,4.0,APULL,28,Idle
48.87,0.091944,0.612009,3.62931,0.537171,0.815312,-0.216132,0.102782,0.550975,-0.259561,0.646122,-0.626004,-0.007287,0.436569,83.0,3.0,4.0,APULL,28,Idle
48.88,-0.149848,0.523135,3.501712,0.56717,0.795611,-0.212887,0.112883,0.525571,-0.265033,0.638182,-0.627315,0.005682,0.446281,83.0,3.0,4.0,APULL,28,Idle
48.89,-0.528234,0.445659,3.319949,0.595073,0.776428,-0.207478,0.07906,0.484848,-0.260036,0.629404,-0.629257,0.017213,0.455621,83.0,3.0,4.0,APULL,28,Idle
48.9,-0.923813,0.341437,3.094984,0.620561,0.758378,-0.199417,0.020995,0.429717,-0.244888,0.619654,-0.632113,0.026918,0.464475,83.0,3.0,4.0,APULL,28,Idle
48.91,-1.205219,0.176841,2.901127,0.643568,0.741502,-0.189724,-0.021971,0.380919,-0.22559,0.60917,-0.635558,0.034694,0.473048,83.0,3.0,4.0,APULL,28,Idle
48.92,-1.307642,0.035952,2.789776,0.664645,0.725225,-0.179709,-0.046069,0.37736,-0.216714,0.598292,-0.63911,0.041036,0.481562,83.0,3.0,4.0,APULL,28,Idle
48.93,-1.176292,-0.033894,2.726577,0.684454,0.708783,-0.170731,-0.075964,0.399966,-0.240249,0.587555,-0.642217,0.046823,0.490046,83.0,3.0,4.0,APULL,28,Idle
48.94,-0.935827,-0.089531,2.657489,0.703258,0.691824,-0.16373,-0.097545,0.413111,-0.245999,0.57749,-0.644482,0.052712,0.498367,83.0,3.0,4.0,APULL,28,Idle
48.95,-0.646671,-0.131778,2.593653,0.72105,0.674359,-0.159147,-0.104045,0.401188,-0.246233,0.568362,-0.645723,0.058886,0.506496,83.0,3.0,4.0,APULL,28,Idle
48.96,-0.513891,-0.162862,2.486325,0.737811,0.656622,-0.156469,-0.092211,0.405664,-0.227427,0.560074,-0.646145,0.065283,0.514345,83.0,3.0,4.0,APULL,28,Idle
48.97,-0.626132,-0.190901,2.311288,0.753102,0.639591,-0.154146,-0.058232,0.50459,-0.185103,0.552084,-0.646432,0.071079,0.521801,83.0,3.0,4.0,APULL,28,Idle
48.98,-0.730622,-0.19296,2.207011,0.767062,0.623481,-0.151287,0.011716,0.553323,-0.139439,0.544006,-0.646973,0.076043,0.528867,83.0,3.0,4.0,APULL,28,Idle
48.99,-0.825748,-0.163109,2.125645,0.780162,0.607834,-0.147937,0.070561,0.511139,-0.109784,0.535794,-0.647725,0.080523,0.535624,83.0,3.0,4.0,APULL,28,Idle
49.0,-1.050164,-0.108274,1.984472,0.792342,0.592982,-0.143412,0.093431,0.494695,-0.057042,0.527279,-0.648985,0.084338,0.541925,83.0,3.0,4.0,APULL,28,Idle
49.01,-1.283116,-0.094217,1.814893,0.803347,0.579465,-0.137308,0.086393,0.479434,0.005488,0.518322,-0.650974,0.087056,0.547719,83.0,3.0,4.0,APULL,28,Idle
49.02,-1.375093,-0.140239,1.678659,0.813202,0.567139,-0.130598,0.085373,0.434845,0.032835,0.509204,-0.653316,0.088763,0.553182,83.0,3.0,4.0,APULL,28,Idle
49.03,-1.393783,-0.169292,1.584156,0.822163,0.555572,-0.124047,0.09077,0.409806,0.053307,0.500187,-0.655671,0.089845,0.558423,83.0,3.0,4.0,APULL,28,Idle
49.04,-1.183503,-0.26123,1.495387,0.830385,0.544421,-0.118608,0.080672,0.400388,0.036714,0.491653,-0.657624,0.090698,0.563544,83.0,3.0,4.0,APULL,28,Idle
49.05,-0.752008,-0.270237,1.4266,0.837951,0.533368,-0.115572,0.082139,0.3893,0.010286,0.484416,-0.658585,0.092085,0.568443,83.0,3.0,4.0,APULL,28,Idle
49.06,-0.235975,-0.250559,1.373351,0.845047,0.522145,-0.115154,0.058624,0.386302,-0.014912,0.478898,-0.658381,0.094646,0.572917,83.0,3.0,4.0,APULL,28,Idle
49.07,0.291466,-0.187362,1.342992,0.851792,0.510613,-0.11715,0.034789,0.359596,-0.033973,0.475192,-0.657033,0.098655,0.57686,83.0,3.0,4.0,APULL,28,Idle
49.08,0.79329,-0.134997,1.409141,0.858541,0.498199,-0.121265,0.008433,0.239502,0.000736,0.473089,-0.654579,0.104374,0.580361,83.0,3.0,4.0,APULL,28,Idle
49.09,1.177966,-0.144287,1.474597,0.865472,0.484503,-0.127342,-0.027276,0.086969,0.027687,0.472214,-0.651044,0.111672,0.583682,83.0,3.0,4.0,APULL,28,Idle
49.1,1.406928,-0.22009,1.507799,0.872366,0.469813,-0.135106,-0.068807,-0.02125,0.037939,0.472171,-0.646582,0.119909,0.587033,83.0,3.0,4.0,APULL,28,Idle
49.11,1.436453,-0.390825,1.498355,0.878944,0.454606,-0.144192,-0.111579,-0.090135,0.155942,0.472548,-0.641428,0.128351,0.590588,83.0,3.0,4.0,APULL,28,Idle
49.12,1.16144,-0.704566,1.587735,0.884975,0.439074,-0.155029,-0.133189,-0.18764,0.074889,0.47256,-0.635638,0.135831,0.595148,83.0,3.0,4.0,APULL,28,Idle
49.13,0.962064,-0.923509,1.577684,0.890545,0.423211,-0.166803,-0.030437,-0.163308,-0.345877,0.471685,-0.629607,0.142104,0.600762,83.0,3.0,4.0,APULL,28,Idle
49.14,0.79271,-1.214337,1.543082,0.895161,0.407761,-0.180049,0.047283,-0.113495,-0.34116,0.470505,-0.623164,0.147112,0.607166,83.0,3.0,4.0,APULL,28,Idle
49.15,0.734569,-1.418184,1.537318,0.898854,0.392524,-0.194903,0.106075,-0.000586,-0.294126,0.469121,-0.616214,0.151091,0.614311,83.0,3.0,4.0,APULL,28,Idle
49.16,0.632813,-1.511742,1.512348,0.901731,0.377353,-0.210916,0.12723,0.162731,-0.248282,0.467671,-0.608837,0.154464,0.621886,83.0,3.0,4.0,APULL,28,Idle
49.17,0.309788,-1.498333,1.513315,0.904029,0.36262,-0.226357,0.074456,0.279897,-0.167304,0.465567,-0.6018,0.157028,0.629624,83.0,3.0,4.0,APULL,28,Idle
49.18,-0.060439,-1.418904,1.494554,0.905987,0.348694,-0.24,-0.004299,0.292923,-0.09963,0.462304,-0.595706,0.158537,0.637397,83.0,3.0,4.0,APULL,28,Idle
49.19,-0.275999,-1.3801,1.424777,0.907561,0.335852,-0.252063,-0.05284,0.230065,-0.050275,0.458178,-0.590476,0.159081,0.645061,83.0,3.0,4.0,APULL,28,Idle
49.2,-0.406142,-1.367352,1.322795,0.908555,0.324235,-0.263438,-0.065354,0.182616,0.002146,0.453802,-0.585695,0.158879,0.65252,83.0,3.0,4.0,APULL,28,Idle
49.21,-0.551882,-1.405329,1.202618,0.908865,0.313982,-0.274554,-0.050467,0.220106,0.017138,0.449358,-0.581201,0.157888,0.659814,83.0,3.0,4.0,APULL,28,Idle
49.22,-0.741524,-1.477924,1.083883,0.908371,0.30547,-0.28557,0.000503,0.333889,-0.03227,0.444808,-0.57701,0.155801,0.667031,83.0,3.0,4.0,APULL,28,Idle
49.23,-0.579126,-1.56378,1.090047,0.907191,0.297655,-0.297332,0.090795,0.386839,-0.23082,0.44037,-0.572589,0.15322,0.674345,83.0,3.0,4.0,APULL,28,Idle
49.24,-0.172451,-1.602108,1.045122,0.905495,0.289003,-0.310734,0.201988,0.348768,-0.421581,0.436854,-0.567165,0.151515,0.681561,83.0,3.0,4.0,APULL,28,Idle
49.25,0.117467,-1.440332,0.900087,0.903393,0.28024,-0.32457,0.274646,0.336398,-0.422622,0.434619,-0.561211,0.150854,0.688035,83.0,3.0,4.0,APULL,28,Idle
49.26,0.232778,-1.17492,0.874272,0.901471,0.271731,-0.336916,0.297992,0.199094,-0.262754,0.433107,-0.555619,0.151094,0.693453,83.0,3.0,4.0,APULL,28,Idle
49.27,0.221794,-0.967525,1.017896,0.900347,0.262446,-0.347128,0.308058,-0.088785,-0.142114,0.431281,-0.550697,0.152211,0.698256,83.0,3.0,4.0,APULL,28,Idle
49.28,0.086526,-0.948042,1.118213,0.899769,0.252165,-0.356132,0.293927,-0.396879,-0.118234,0.428674,-0.546182,0.153686,0.703068,83.0,3.0,4.0,APULL,28,Idle
49.29,-0.130154,-1.065839,1.003994,0.898806,0.242505,-0.365157,0.212355,-0.594785,-0.132539,0.425612,-0.541824,0.154429,0.70812,83.0,3.0,4.0,APULL,28,Idle
49.3,-0.586791,-1.137723,0.728767,0.896767,0.235993,-0.374322,0.091881,-0.556626,-0.140922,0.42246,-0.537933,0.15319,0.713224,83.0,3.0,4.0,APULL,28,Idle
49.31,-1.091237,-1.140595,0.607502,0.893958,0.233377,-0.382589,0.005319,-0.31936,-0.112406,0.418724,-0.535124,0.149492,0.718307,83.0,3.0,4.0,APULL,28,Idle
49.32,-1.37797,-1.055259,0.702735,0.891186,0.232478,-0.38954,-0.032147,-0.061381,-0.083437,0.413849,-0.533279,0.144373,0.723532,83.0,3.0,4.0,APULL,28,Idle
49.33,-1.334228,-0.904606,0.858509,0.88915,0.230924,-0.395077,-0.06275,0.117739,-0.067707,0.408044,-0.531994,0.139442,0.728724,83.0,3.0,4.0,APULL,28,Idle
49.34,-0.998582,-0.754875,0.958443,0.887936,0.227485,-0.399774,-0.107297,0.189217,-0.109732,0.4021,-0.530716,0.135844,0.733623,83.0,3.0,4.0,APULL,28,Idle
49.35,-0.691233,-0.62166,0.830185,0.887201,0.222756,-0.404048,-0.159402,0.235847,-0.105824,0.397065,-0.529208,0.133845,0.73781,83.0,3.0,4.0,APULL,28,Idle
49.36,-0.613257,-0.464733,0.734743,0.886692,0.21858,-0.407432,-0.172153,0.264254,-0.071832,0.392821,-0.527981,0.132365,0.741221,83.0,3.0,4.0,APULL,28,Idle
49.37,-0.249861,-0.413236,0.774436,0.886534,0.213797,-0.410303,-0.11009,0.182824,-0.106405,0.389131,-0.52676,0.131805,0.74413,83.0,3.0,4.0,APULL,28,Idle
49.38,0.160969,-0.393076,0.803169,0.886533,0.206836,-0.413857,-0.0361,0.049512,-0.059455,0.38636,-0.524765,0.133014,0.746763,83.0,3.0,4.0,APULL,28,Idle
49.39,0.136427,-0.33976,0.730381,0.886538,0.199339,-0.417509,0.017087,0.004457,0.060804,0.384171,-0.522534,0.134923,0.749111,83.0,3.0,4.0,APULL,28,Idle
49.4,0.011092,-0.294392,0.642476,0.886561,0.192921,-0.420466,0.084142,-0.01836,0.09054,0.382014,-0.520731,0.136404,0.751198,83.0,3.0,4.0,APULL,28,Idle
49.41,0.033653,-0.333755,0.669281,0.886496,0.187162,-0.423196,0.138406,-0.066434,0.036294,0.379788,-0.519127,0.13751,0.753233,83.0,3.0,4.0,APULL,28,Idle
49.42,-0.024108,-0.411331,0.67604,0.886135,0.181,-0.426619,0.128773,-0.100007,0.019759,0.377585,-0.517162,0.138684,0.755473,83.0,3.0,4.0,APULL,28,Idle
49.43,-0.225591,-0.417264,0.660367,0.885536,0.175684,-0.430071,0.077782,-0.018259,-0.037046,0.37498,-0.515382,0.139088,0.757909,83.0,3.0,4.0,APULL,28,Idle
49.44,-0.140583,-0.421683,0.653252,0.884838,0.17069,-0.433504,0.008686,0.010752,-0.032392,0.372289,-0.513668,0.13926,0.760364,83.0,3.0,4.0,APULL,28,Idle
49.45,-0.284773,-0.339956,0.636463,0.884215,0.165845,-0.436646,-0.051894,0.027255,0.035797,0.36964,-0.512082,0.139459,0.762686,83.0,3.0,4.0,APULL,28,Idle
49.46,-0.263568,-0.293907,0.717904,0.883963,0.161207,-0.438888,-0.053091,0.066256,-0.031266,0.366473,-0.510993,0.139436,0.764946,83.0,3.0,4.0,APULL,28,Idle
49.47,-0.203201,-0.300728,0.696625,0.883753,0.155858,-0.441236,-0.053705,0.043025,0.020413,0.363427,-0.509719,0.139888,0.767163,83.0,3.0,4.0,APULL,28,Idle
49.48,-0.24339,-0.255446,0.685574,0.883584,0.150812,-0.443323,-0.04609,0.091421,-0.005926,0.360347,-0.508604,0.140217,0.769293,83.0,3.0,4.0,APULL,28,Idle
49.49,-0.009097,-0.250797,0.684659,0.883467,0.145384,-0.445365,-0.026457,0.092439,-0.021035,0.357535,-0.507393,0.140961,0.771266,83.0,3.0,4.0,APULL,28,Idle
49.5,0.167554,-0.223325,0.681286,0.883358,0.138927,-0.447636,-0.020245,0.07584,0.002369,0.355294,-0.505809,0.142616,0.773036,83.0,3.0,4.0,APULL,28,Idle
49.51,0.27607,-0.185171,0.691366,0.883375,0.131907,-0.449721,-0.000105,0.094854,-0.032655,0.353338,-0.504148,0.144824,0.774605,83.0,3.0,4.0,APULL,28,Idle
49.52,0.472403,-0.194035,0.703827,0.883412,0.124012,-0.451889,0.007854,0.044247,-0.032363,0.3517,-0.502232,0.147709,0.776049,83.0,3.0,4.0,APULL,28,Idle
49.53,0.509724,-0.184889,0.657079,0.88336,0.115693,-0.454191,0.004045,0.000182,-0.027544,0.350446,-0.500092,0.151036,0.777357,83.0,3.0,4.0,APULL,28,Idle
49.54,0.445061,-0.179277,0.613135,0.883235,0.107911,-0.456345,0.004765,-0.007432,-0.020309,0.349315,-0.498058,0.154161,0.778557,83.0,3.0,4.0,APULL,28,Idle
49.55,0.336751,-0.193474,0.594552,0.883003,0.100746,-0.458429,-0.005927,-0.039543,0.015664,0.348084,-0.496159,0.156881,0.779777,83.0,3.0,4.0,APULL,28,Idle
49.56,0.220072,-0.188259,0.57333,0.88268,0.094307,-0.460414,-0.011312,-0.055459,-0.004765,0.346625,-0.494461,0.159064,0.781062,83.0,3.0,4.0,APULL,28,Idle
49.57,0.100556,-0.176821,0.507497,0.882312,0.088763,-0.46222,-0.01572,-0.043414,-0.000442,0.345062,-0.49301,0.160722,0.782331,83.0,3.0,4.0,APULL,28,Idle
49.58,0.000531,-0.158139,0.477489,0.881957,0.084228,-0.463743,-0.015532,-0.027847,0.037093,0.343391,-0.491877,0.161817,0.783552,83.0,3.0,4.0,APULL,28,Idle
49.59,-0.037922,-0.14736,0.442645,0.88162,0.080251,-0.465087,-0.013456,-0.021322,0.038848,0.341659,-0.490932,0.16261,0.784737,83.0,3.0,4.0,APULL,28,Idle
49.6,-0.052683,-0.138933,0.399487,0.881276,0.076759,-0.466326,-0.012426,0.006371,0.037676,0.340009,-0.490101,0.163211,0.785848,83.0,3.0,4.0,APULL,28,Idle
49.61,0.007184,-0.11277,0.367076,0.880968,0.073495,-0.467433,-0.019625,0.020072,0.046473,0.338531,-0.48933,0.163828,0.786837,83.0,3.0,4.0,APULL,28,Idle
49.62,0.12078,-0.064849,0.325254,0.880791,0.070131,-0.468284,-0.036537,0.03021,0.035239,0.337383,-0.488579,0.164769,0.787601,83.0,3.0,4.0,APULL,28,Idle
49.63,0.249924,-0.003951,0.272618,0.880818,0.066629,-0.468743,-0.062718,0.049551,0.032601,0.336675,-0.487873,0.166157,0.788049,83.0,3.0,4.0,APULL,28,Idle
49.64,0.401197,0.105622,0.191286,0.881188,0.063032,-0.468546,-0.085701,0.066424,0.008784,0.336503,-0.487311,0.168091,0.78806,83.0,3.0,4.0,APULL,28,Idle
49.65,0.548913,0.236528,0.106307,0.882085,0.059505,-0.467317,-0.090963,0.061269,-0.029143,0.336931,-0.487066,0.170613,0.787487,83.0,3.0,4.0,APULL,28,Idle
49.66,0.741264,0.378517,0.033911,0.883553,0.05591,-0.464981,-0.061806,0.011076,-0.088226,0.337965,-0.487129,0.173823,0.786302,83.0,3.0,4.0,APULL,28,Idle
49.67,0.956642,0.471206,-0.003601,0.885557,0.051859,-0.461627,-0.01309,-0.052119,-0.128079,0.33961,-0.48737,0.177924,0.784525,83.0,3.0,4.0,APULL,28,Idle
49.68,1.090231,0.499836,-0.010847,0.887796,0.047181,-0.457812,0.017172,-0.105134,-0.124082,0.341732,-0.487526,0.182791,0.782384,83.0,3.0,4.0,APULL,28,Idle
49.69,0.997516,0.533597,-0.036622,0.890128,0.04256,-0.453718,0.019402,-0.093158,-0.117617,0.343939,-0.487737,0.187759,0.780106,83.0,3.0,4.0,APULL,28,Idle
49.7,0.821575,0.648164,-0.038556,0.89279,0.038779,-0.4488,-0.004439,-0.041983,-0.095709,0.345764,-0.488507,0.192253,0.77772,83.0,3.0,4.0,APULL,28,Idle
49.71,0.763496,0.719384,-0.057191,0.895708,0.035648,-0.443212,-0.04648,-0.022007,-0.101679,0.347251,-0.489728,0.196367,0.775257,83.0,3.0,4.0,APULL,28,Idle
49.72,0.754245,0.824582,-0.096035,0.899147,0.033061,-0.436396,-0.058922,0.062749,-0.1052,0.348606,-0.491555,0.20044,0.772445,83.0,3.0,4.0,APULL,28,Idle
49.73,0.927484,0.864236,-0.093739,0.902767,0.030301,-0.429062,-0.038219,0.082187,-0.067978,0.350174,-0.493442,0.204899,0.769356,83.0,3.0,4.0,APULL,28,Idle
49.74,1.143967,0.888104,-0.096482,0.906483,0.02671,-0.421396,-0.012364,0.082863,-0.050222,0.352188,-0.495089,0.210212,0.765939,83.0,3.0,4.0,APULL,28,Idle
49.75,1.15887,0.905932,-0.126084,0.910212,0.022933,-0.413507,0.001455,0.084688,-0.000342,0.354557,-0.496602,0.215946,0.762262,83.0,3.0,4.0,APULL,28,Idle
49.76,1.213281,0.848464,-0.118527,0.913792,0.019156,-0.40573,0.014629,0.010705,0.018462,0.356998,-0.497967,0.221729,0.758563,83.0,3.0,4.0,APULL,28,Idle
49.77,1.077278,0.802684,-0.170133,0.917082,0.015777,-0.398387,0.019396,-0.053542,-0.003361,0.359508,-0.499162,0.227253,0.754949,83.0,3.0,4.0,APULL,28,Idle
49.78,0.760691,0.768488,-0.240157,0.920144,0.01401,-0.39133,0.024345,-0.052814,0.001605,0.361711,-0.500675,0.231646,0.751552,83.0,3.0,4.0,APULL,28,Idle
49.79,0.543479,0.701914,-0.232422,0.922973,0.01381,-0.384617,0.033219,-0.072846,0.017048,0.363352,-0.502581,0.234741,0.748521,83.0,3.0,4.0,APULL,28,Idle
49.8,0.457957,0.60833,-0.206139,0.925434,0.013853,-0.378655,0.037548,-0.117139,0.013787,0.364681,-0.504342,0.237301,0.745879,83.0,3.0,4.0,APULL,28,Idle
49.81,0.180616,0.52952,-0.212832,0.927551,0.014636,-0.373411,0.029862,-0.060671,0.034819,0.365616,-0.506136,0.238999,0.74366,83.0,3.0,4.0,APULL,28,Idle
49.82,0.059871,0.44008,-0.184035,0.929324,0.016076,-0.368916,0.016004,-0.023644,0.055531,0.366042,-0.507982,0.239784,0.741937,83.0,3.0,4.0,APULL,28,Idle
49.83,0.040204,0.386681,-0.21123,0.930805,0.017712,-0.365088,-0.000369,-0.003552,0.033606,0.366412,-0.50965,0.240236,0.740463,83.0,3.0,4.0,APULL,28,Idle
49.84,0.015288,0.332427,-0.188607,0.93207,0.019579,-0.361749,-0.005327,0.046278,0.030451,0.366812,-0.511187,0.240443,0.739137,83.0,3.0,4.0,APULL,28,Idle
49.85,0.106976,0.259364,-0.143117,0.933091,0.020934,-0.359031,0.002471,0.044847,0.01194,0.367206,-0.512371,0.24075,0.738021,83.0,3.0,4.0,APULL,28,Idle
49.86,0.21372,0.18407,-0.139541,0.933844,0.021652,-0.357026,0.004557,0.038513,-0.004119,0.367883,-0.513043,0.241401,0.737004,83.0,3.0,4.0,APULL,28,Idle
49.87,0.170494,0.160485,-0.150938,0.934415,0.02232,-0.355487,0.004794,0.055667,0.017475,0.368747,-0.513473,0.242078,0.73605,83.0,3.0,4.0,APULL,28,Idle
49.88,0.146707,0.125487,-0.110104,0.934888,0.023025,-0.354196,0.006793,0.06276,0.019464,0.369452,-0.513877,0.242555,0.735258,83.0,3.0,4.0,APULL,28,Idle
49.89,0.121646,0.09573,-0.114718,0.935237,0.023547,-0.353239,0.002599,0.036298,0.021665,0.370096,-0.514134,0.242995,0.734607,83.0,3.0,4.0,APULL,28,Idle
49.9,0.076481,0.080996,-0.115408,0.935515,0.02438,-0.352444,-0.001494,0.032276,0.014493,0.370671,-0.514438,0.243169,0.734047,83.0,3.0,4.0,APULL,28,Idle
49.91,0.100538,0.053391,-0.133822,0.935712,0.025205,-0.351862,-0.005338,-0.003721,-0.000204,0.371281,-0.514654,0.243311,0.73354,83.0,3.0,4.0,APULL,28,Idle
49.92,0.055899,0.03108,-0.173884,0.935823,0.026389,-0.351482,-0.009507,-0.004523,0.004329,0.372004,-0.514854,0.243278,0.733044,83.0,3.0,4.0,APULL,28,Idle
49.93,0.023125,0.037469,-0.213465,0.93588,0.028078,-0.351199,-0.007642,1.3e-05,0.007144,0.372775,-0.515136,0.242972,0.732556,83.0,3.0,4.0,APULL,28,Idle
49.94,0.052124,0.014924,-0.219726,0.93592,0.030059,-0.350928,-0.006232,-0.001342,-0.008264,0.373643,-0.515457,0.242571,0.732021,83.0,3.0,4.0,APULL,28,Idle
49.95,0.134496,-0.018137,-0.22684,0.93584,0.031815,-0.350986,-0.012836,-0.02449,-0.020748,0.374711,-0.515537,0.24234,0.731495,83.0,3.0,4.0,APULL,28,Idle
49.96,0.100925,-0.006344,-0.286533,0.935692,0.033793,-0.351197,-0.018226,-0.014963,-0.000885,0.375999,-0.515549,0.242096,0.730906,83.0,3.0,4.0,APULL,28,Idle
49.97,0.002634,-0.005193,-0.321193,0.935558,0.036485,-0.351284,-0.005794,0.000548,0.034924,0.377269,-0.515794,0.241483,0.730281,83.0,3.0,4.0,APULL,28,Idle
49.98,-0.061189,-0.024482,-0.343909,0.935379,0.039731,-0.351409,0.007493,-0.001859,0.019622,0.378418,-0.516208,0.240468,0.729729,83.0,3.0,4.0,APULL,28,Idle
49.99,-0.094404,-0.028629,-0.374685,0.935124,0.043357,-0.351659,0.012951,0.011406,-0.01124,0.379568,-0.516672,0.239207,0.729217,83.0,3.0,4.0,APULL,28,Idle
50.0,-0.091784,-0.031615,-0.392577,0.934842,0.047306,-0.351899,0.01337,0.016552,-0.004028,0.38076,-0.517206,0.237799,0.728678,83.0,3.0,4.0,APULL,28,Idle
50.01,-0.083721,-0.018207,-0.424925,0.934542,0.051396,-0.352121,0.008207,-0.006398,-0.013755,0.382058,-0.517744,0.236391,0.728074,83.0,3.0,4.0,APULL,28,Idle
50.02,-0.077364,-0.032964,-0.453972,0.93421,0.055863,-0.352321,-0.009833,-0.02768,-0.006657,0.383481,-0.51834,0.234869,0.727394,83.0,3.0,4.0,APULL,28,Idle
50.03,0.014476,-0.018735,-0.504455,0.933826,0.060391,-0.352593,-0.019535,-0.081784,-0.015525,0.385159,-0.51884,0.233471,0.726601,83.0,3.0,4.0,APULL,28,Idle
50.04,0.001696,0.021041,-0.637857,0.933458,0.065636,-0.35263,-0.024004,-0.048455,-0.040223,0.387285,-0.519453,0.232064,0.725483,83.0,3.0,4.0,APULL,28,Idle
50.05,-0.060448,0.055603,-0.702465,0.933125,0.072128,-0.352243,-0.017506,0.035599,-0.017523,0.389602,-0.520457,0.230224,0.724108,83.0,3.0,4.0,APULL,28,Idle
50.06,0.081074,0.081953,-0.691771,0.932825,0.078649,-0.351642,-0.005167,0.040782,-0.030286,0.392057,-0.521491,0.22853,0.722574,83.0,3.0,4.0,APULL,28,Idle
50.07,0.192476,0.085878,-0.699151,0.932561,0.08466,-0.350946,-0.003087,0.013928,-0.041144,0.394854,-0.522319,0.227397,0.720808,83.0,3.0,4.0,APULL,28,Idle
50.08,0.220275,0.082261,-0.729593,0.93221,0.09052,-0.350414,-0.006673,-0.049489,-0.042149,0.397873,-0.522979,0.226465,0.71896,83.0,3.0,4.0,APULL,28,Idle
50.09,0.089449,0.097125,-0.848556,0.93178,0.097309,-0.34974,-0.005037,-0.060184,-0.048072,0.401047,-0.523859,0.22517,0.71696,83.0,3.0,4.0,APULL,28,Idle
50.1,-0.056129,0.069803,-0.88236,0.93118,0.105405,-0.34899,0.005008,-0.067242,0.019782,0.404122,-0.525105,0.223092,0.714969,83.0,3.0,4.0,APULL,28,Idle
50.11,-0.198997,0.051821,-0.887303,0.930417,0.114103,-0.348287,0.014758,-0.057524,0.005483,0.40688,-0.526564,0.220424,0.713156,83.0,3.0,4.0,APULL,28,Idle
50.12,-0.1844,0.020952,-0.857325,0.929494,0.122964,-0.347737,0.008723,-0.028634,-0.006557,0.409411,-0.528063,0.217442,0.711513,83.0,3.0,4.0,APULL,28,Idle
50.13,-0.103579,0.02451,-0.882273,0.928455,0.131529,-0.347377,-0.000233,-0.015272,-0.014195,0.41211,-0.529359,0.214686,0.709827,83.0,3.0,4.0,APULL,28,Idle
50.14,-0.142106,0.025095,-0.935923,0.927305,0.140389,-0.346982,-0.009489,0.048347,-0.005801,0.415008,-0.530661,0.211914,0.707997,83.0,3.0,4.0,APULL,28,Idle
50.15,-0.059956,-0.010718,-0.881656,0.925988,0.149293,-0.346782,-0.014779,0.048004,0.01617,0.417926,-0.531885,0.209063,0.706207,83.0,3.0,4.0,APULL,28,Idle
50.16,0.140269,0.005782,-0.851924,0.924644,0.157086,-0.346927,-0.005195,-0.001858,-0.051419,0.421106,-0.532648,0.206935,0.704367,83.0,3.0,4.0,APULL,28,Idle
50.17,0.125387,-0.015044,-0.876516,0.923243,0.164644,-0.347153,0.007132,0.014723,-0.044372,0.424543,-0.533248,0.205109,0.702381,83.0,3.0,4.0,APULL,28,Idle
50.18,0.159795,0.002058,-0.893661,0.921704,0.172351,-0.347502,0.019077,-0.00777,-0.079287,0.428009,-0.533824,0.203178,0.700399,83.0,3.0,4.0,APULL,28,Idle
50.19,0.279149,0.017569,-0.903319,0.92015,0.179921,-0.347781,0.028077,-0.038197,-0.113583,0.43174,-0.53431,0.201549,0.698206,83.0,3.0,4.0,APULL,28,Idle
50.2,0.359553,-0.016779,-0.855328,0.918527,0.186897,-0.348393,0.027457,-0.053795,-0.059367,0.435713,-0.534477,0.200344,0.695954,83.0,3.0,4.0,APULL,28,Idle
50.21,0.265789,-0.042786,-0.847077,0.91679,0.193585,-0.349314,0.011677,-0.021786,-0.030889,0.439559,-0.534507,0.19911,0.693862,83.0,3.0,4.0,APULL,28,Idle
50.22,0.203428,-0.063476,-0.903794,0.914876,0.200825,-0.350244,-0.006917,0.011546,-0.008566,0.443237,-0.534699,0.19742,0.691854,83.0,3.0,4.0,APULL,28,Idle
50.23,0.291849,-0.118952,-0.945375,0.912665,0.208474,-0.35154,-0.01435,0.029029,0.045861,0.447203,-0.534766,0.195591,0.689767,83.0,3.0,4.0,APULL,28,Idle
50.24,0.255774,-0.211532,-0.908216,0.910085,0.215962,-0.353702,-0.011434,0.081432,0.06113,0.451334,-0.534446,0.193692,0.687858,83.0,3.0,4.0,APULL,28,Idle
50.25,0.212051,-0.243699,-0.85798,0.90731,0.223269,-0.356287,-0.016318,0.10394,0.09321,0.455207,-0.534009,0.19155,0.686244,83.0,3.0,4.0,APULL,28,Idle
50.26,0.421395,-0.248244,-0.835609,0.904514,0.229777,-0.359246,-0.005145,0.004049,0.048348,0.459145,-0.53325,0.189793,0.684696,83.0,3.0,4.0,APULL,28,Idle
50.27,0.38237,-0.301102,-0.924273,0.901479,0.236161,-0.362717,0.016185,-0.034806,0.023987,0.463567,-0.53215,0.188302,0.682982,83.0,3.0,4.0,APULL,28,Idle
50.28,0.208678,-0.376461,-0.914982,0.898003,0.243462,-0.366492,0.036826,-0.032997,0.045738,0.467811,-0.531181,0.186012,0.681468,83.0,3.0,4.0,APULL,28,Idle
50.29,0.12058,-0.405766,-0.942467,0.894254,0.251129,-0.370463,0.035219,-0.060562,0.019862,0.471783,-0.530286,0.183208,0.680185,83.0,3.0,4.0,APULL,28,Idle
50.3,-0.160164,-0.420829,-1.003945,0.890207,0.259916,-0.374132,0.009237,-0.040373,0.069994,0.475438,-0.529799,0.179574,0.678988,83.0,3.0,4.0,APULL,28,Idle
50.31,-0.2458,-0.426904,-1.028546,0.885908,0.269786,-0.377336,-0.015348,-0.053462,0.040285,0.478675,-0.529784,0.175104,0.677892,83.0,3.0,4.0,APULL,28,Idle
50.32,-0.230476,-0.399411,-1.145386,0.881338,0.280212,-0.380428,-0.034932,-0.057616,-0.012653,0.482109,-0.529838,0.170462,0.676598,83.0,3.0,4.0,APULL,28,Idle
50.33,-0.351814,-0.356011,-1.191815,0.876516,0.291781,-0.382861,-0.032995,-0.010974,0.042331,0.485626,-0.530297,0.165391,0.67498,83.0,3.0,4.0,APULL,28,Idle
50.34,-0.058233,-0.349702,-1.130653,0.871723,0.302764,-0.385271,-6.4e-05,-0.085158,-0.062712,0.489207,-0.530605,0.160695,0.673285,83.0,3.0,4.0,APULL,28,Idle
50.35,0.03596,-0.348936,-1.250959,0.866705,0.312936,-0.388451,0.014216,-0.073495,-0.061027,0.493553,-0.530275,0.156789,0.671291,83.0,3.0,4.0,APULL,28,Idle
50.36,-0.240306,-0.337311,-1.313843,0.861211,0.324562,-0.39112,0.012614,0.047432,0.060981,0.497877,-0.530377,0.152119,0.669088,83.0,3.0,4.0,APULL,28,Idle
50.37,-0.16096,-0.333242,-1.295083,0.855575,0.336644,-0.393272,3.2e-05,0.046504,-0.019371,0.501897,-0.530787,0.147069,0.666885,83.0,3.0,4.0,APULL,28,Idle
50.38,-0.064513,-0.304988,-1.355148,0.849771,0.348286,-0.39571,-0.02984,0.006405,-0.039395,0.506283,-0.530903,0.142434,0.664479,83.0,3.0,4.0,APULL,28,Idle
50.39,-0.166993,-0.263383,-1.428475,0.843698,0.360563,-0.397703,-0.039865,-0.012373,0.019835,0.510797,-0.531234,0.137618,0.661769,83.0,3.0,4.0,APULL,28,Idle
50.4,-0.133233,-0.274176,-1.52496,0.837222,0.373552,-0.399397,-0.007449,-0.086976,-0.02704,0.515428,-0.531736,0.132505,0.658812,83.0,3.0,4.0,APULL,28,Idle
50.41,-0.252825,-0.31879,-1.707845,0.82985,0.387786,-0.401213,0.016098,-0.1118,0.008589,0.520491,-0.532264,0.126841,0.655512,83.0,3.0,4.0,APULL,28,Idle
50.42,-0.381921,-0.38455,-1.780967,0.821474,0.403604,-0.402846,0.032591,-0.08999,0.02188,0.525564,-0.533048,0.120153,0.652078,83.0,3.0,4.0,APULL,28,Idle
50.43,-0.341067,-0.399154,-1.849156,0.812417,0.419847,-0.404607,0.030341,-0.101869,-0.029292,0.530718,-0.533764,0.113103,0.648569,83.0,3.0,4.0,APULL,28,Idle
50.44,-0.46082,-0.372257,-1.994846,0.802604,0.436972,-0.406058,0.007653,-0.061788,0.009986,0.536109,-0.534607,0.105668,0.644683,83.0,3.0,4.0,APULL,28,Idle
50.45,-0.545219,-0.366887,-2.112042,0.791899,0.455508,-0.406705,-0.002989,-0.027026,0.023999,0.541541,-0.535856,0.097496,0.640379,83.0,3.0,4.0,APULL,28,Idle
50.46,-0.537404,-0.376758,-2.235079,0.780266,0.474803,-0.407121,-0.001778,-0.043864,0.004884,0.547199,-0.537152,0.08892,0.635715,83.0,3.0,4.0,APULL,28,Idle
50.47,-0.676842,-0.369135,-2.386357,0.767491,0.49516,-0.407154,-0.009754,-0.068372,0.066319,0.553092,-0.538573,0.079765,0.630608,83.0,3.0,4.0,APULL,28,Idle
50.48,-0.571026,-0.365366,-2.487058,0.753684,0.516363,-0.406607,0.013512,-0.124715,-0.024972,0.559089,-0.540168,0.070104,0.625079,83.0,3.0,4.0,APULL,28,Idle
50.49,-0.777027,-0.396426,-2.840389,0.738107,0.538647,-0.406272,0.033606,-0.165066,0.091041,0.565864,-0.541541,0.059978,0.618816,83.0,3.0,4.0,APULL,28,Idle
50.5,-0.863805,-0.460847,-2.791865,0.720632,0.563173,-0.404384,0.08134,-0.14815,-0.021627,0.572272,-0.543587,0.048181,0.612124,83.0,3.0,4.0,APULL,28,Idle
50.51,-0.47005,-0.583416,-2.942063,0.702256,0.58578,-0.404597,0.170181,-0.319636,-0.078832,0.579365,-0.544355,0.037143,0.605504,83.0,3.0,4.0,APULL,28,Idle
50.52,-0.961194,-0.696292,-3.153216,0.681278,0.609867,-0.404875,0.126065,-0.195346,0.128309,0.586792,-0.54493,0.024777,0.598425,83.0,3.0,4.0,APULL,28,Idle
50.53,-1.210565,-0.819815,-3.215002,0.658302,0.635809,-0.402971,0.092415,-0.040426,0.048494,0.593313,-0.546264,0.01049,0.591156,83.0,3.0,4.0,APULL,28,Idle
50.54,-1.071332,-0.834053,-3.116733,0.634344,0.660909,-0.401008,0.022181,-0.038335,0.026572,0.599526,-0.547247,-0.00405,0.584014,83.0,3.0,4.0,APULL,28,Idle
50.55,-1.11549,-0.761276,-3.080105,0.610276,0.68457,-0.398656,-0.066209,0.011033,0.007009,0.605495,-0.548036,-0.01812,0.576805,83.0,3.0,4.0,APULL,28,Idle
50.56,-0.963885,-0.682323,-3.014484,0.586167,0.707037,-0.395609,-0.103806,0.034296,-0.085424,0.611258,-0.548808,-0.031712,0.569358,83.0,3.0,4.0,APULL,28,Idle
50.57,-0.836966,-0.638545,-2.982087,0.562028,0.727768,-0.393037,-0.092576,-0.026001,-0.096892,0.617185,-0.549092,-0.044488,0.561784,83.0,3.0,4.0,APULL,28,Idle
50.58,-0.878749,-0.607901,-2.956122,0.537623,0.747492,-0.390151,-0.069529,-0.058756,-0.067582,0.622988,-0.549252,-0.056978,0.55404,83.0,3.0,4.0,APULL,28,Idle
50.59,-0.832232,-0.606151,-2.923091,0.512949,0.76634,-0.38679,-0.022196,-0.059965,-0.126196,0.628531,-0.549359,-0.069352,0.546208,83.0,3.0,4.0,APULL,28,Idle
50.6,-0.895305,-0.613115,-2.842216,0.488197,0.78406,-0.383292,0.008827,-0.078463,-0.072533,0.6338,-0.549279,-0.081522,0.538465,83.0,3.0,4.0,APULL,28,Idle
50.61,-1.00327,-0.594883,-2.772644,0.463601,0.801118,-0.37853,0.0055,-0.045807,-0.041835,0.638401,-0.549496,-0.093752,0.530763,83.0,3.0,4.0,APULL,28,Idle
50.62,-0.932158,-0.596917,-2.71753,0.439076,0.817187,-0.373387,-0.0015,-0.015108,-0.052913,0.642685,-0.549649,-0.105793,0.523115,83.0,3.0,4.0,APULL,28,Idle
50.63,-0.942465,-0.580188,-2.643928,0.414726,0.832121,-0.368208,-0.027046,0.025163,-0.017397,0.646761,-0.549624,-0.117513,0.515562,83.0,3.0,4.0,APULL,28,Idle
50.64,-0.9333,-0.548667,-2.552411,0.3908,0.846051,-0.362592,-0.058647,0.060168,-0.012301,0.650491,-0.549622,-0.128917,0.508092,83.0,3.0,4.0,APULL,28,Idle
50.65,-0.749753,-0.523722,-2.411832,0.367635,0.858579,-0.357334,-0.072743,0.058475,-0.04768,0.654063,-0.549386,-0.139669,0.500868,83.0,3.0,4.0,APULL,28,Idle
50.66,-0.620648,-0.496478,-2.231789,0.345702,0.869261,-0.353377,-0.06697,0.028917,-0.032121,0.65764,-0.548624,-0.149412,0.494164,83.0,3.0,4.0,APULL,28,Idle
50.67,-0.57339,-0.476683,-2.054572,0.32523,0.878575,-0.34976,-0.062336,0.053768,-0.027224,0.660878,-0.547753,-0.158388,0.487975,83.0,3.0,4.0,APULL,28,Idle
50.68,-0.391525,-0.44333,-1.914863,0.306096,0.886534,-0.346934,-0.043828,0.05887,-0.033269,0.663995,-0.546629,-0.166524,0.482264,83.0,3.0,4.0,APULL,28,Idle
50.69,-0.230994,-0.415782,-1.777282,0.288143,0.893109,-0.345443,-0.02055,0.051548,-0.029405,0.66722,-0.54506,-0.173747,0.477011,83.0,3.0,4.0,APULL,28,Idle
50.7,-0.040625,-0.400132,-1.672773,0.271231,0.898422,-0.345358,0.002527,0.067856,-0.051569,0.67058,-0.543013,-0.180161,0.472231,83.0,3.0,4.0,APULL,28,Idle
50.71,0.190725,-0.390181,-1.54731,0.255338,0.902417,-0.347053,0.009753,0.092303,-0.059823,0.674212,-0.540367,-0.185681,0.467937,83.0,3.0,4.0,APULL,28,Idle
50.72,0.444126,-0.381392,-1.42003,0.240547,0.904983,-0.350918,-0.00248,0.077561,-0.066212,0.678164,-0.536974,-0.190264,0.464276,83.0,3.0,4.0,APULL,28,Idle
50.73,0.590699,-0.378019,-1.329789,0.226769,0.906318,-0.356601,-0.030571,0.02218,-0.044278,0.682393,-0.532975,-0.194003,0.46113,83.0,3.0,4.0,APULL,28,Idle
50.74,0.506925,-0.358854,-1.30156,0.213535,0.907164,-0.362569,-0.057452,-0.027174,-0.013606,0.686562,-0.528897,-0.197442,0.458168,83.0,3.0,4.0,APULL,28,Idle
50.75,0.336583,-0.357252,-1.333862,0.200213,0.90839,-0.367074,-0.068514,-0.039875,-0.007148,0.690322,-0.525334,-0.201213,0.454964,83.0,3.0,4.0,APULL,28,Idle
50.76,0.218008,-0.377583,-1.305438,0.186775,0.90994,-0.370302,-0.05944,-0.063657,0.001543,0.693677,-0.522189,-0.205347,0.451623,83.0,3.0,4.0,APULL,28,Idle
50.77,0.149062,-0.379369,-1.266169,0.173649,0.911574,-0.372665,-0.047474,-0.084334,0.026611,0.696661,-0.519361,-0.209598,0.448326,83.0,3.0,4.0,APULL,28,Idle
50.78,0.171462,-0.423327,-1.29282,0.160445,0.913133,-0.374761,-0.02896,-0.06183,0.02918,0.69951,-0.516563,-0.213967,0.445046,83.0,3.0,4.0,APULL,28,Idle
50.79,0.298377,-0.495466,-1.319891,0.146714,0.914325,-0.377472,-0.010911,-0.011188,0.009064,0.702483,-0.513351,-0.218482,0.441875,83.0,3.0,4.0,APULL,28,Idle
50.8,0.492518,-0.555992,-1.231434,0.132941,0.914602,-0.381876,0.007882,0.043054,0.008524,0.705765,-0.50936,-0.222742,0.439128,83.0,3.0,4.0,APULL,28,Idle
50.81,0.616082,-0.563802,-1.094577,0.12011,0.913903,-0.387756,0.005348,0.045127,0.069091,0.709111,-0.504812,-0.226466,0.437082,83.0,3.0,4.0,APULL,28,Idle
50.82,0.674193,-0.554652,-1.029695,0.108272,0.912568,-0.394331,0.007496,0.03369,0.081586,0.71242,-0.500082,-0.229679,0.435457,83.0,3.0,4.0,APULL,28,Idle
50.83,0.714485,-0.622072,-1.006049,0.096652,0.910826,-0.401315,0.033658,0.044755,0.051095,0.715701,-0.495131,-0.232782,0.434085,83.0,3.0,4.0,APULL,28,Idle
50.84,0.841699,-0.697069,-0.980866,0.084852,0.90865,-0.408846,0.047289,0.041164,0.034502,0.71897,-0.489787,-0.235977,0.433018,83.0,3.0,4.0,APULL,28,Idle
50.85,1.272479,-0.795636,-0.840236,0.073469,0.905027,-0.418961,0.057894,-0.025404,-0.035369,0.722629,-0.483306,-0.238609,0.432769,83.0,3.0,4.0,APULL,28,Idle
50.86,1.861694,-0.92296,-0.78549,0.062482,0.898857,-0.433765,0.06438,-0.014503,-0.128491,0.727125,-0.474754,-0.240263,0.433787,83.0,3.0,4.0,APULL,28,Idle
50.87,2.451306,-0.973743,-0.769086,0.051163,0.889689,-0.453691,0.02359,0.052373,-0.083906,0.732763,-0.463803,-0.240917,0.43578,83.0,3.0,4.0,APULL,28,Idle
50.88,2.846058,-0.867362,-0.650096,0.040489,0.877551,-0.477771,-0.040062,0.009855,0.05788,0.739336,-0.451057,-0.24013,0.438484,83.0,3.0,4.0,APULL,28,Idle
50.89,2.61069,-0.757131,-0.532207,0.031376,0.864107,-0.502329,-0.054737,-0.092867,0.224787,0.745842,-0.438212,-0.23834,0.441457,83.0,3.0,4.0,APULL,28,Idle
50.9,1.586277,-0.786845,-0.640584,0.022624,0.853257,-0.521,-0.026103,-0.106004,0.301121,0.750852,-0.427814,-0.237646,0.443533,83.0,3.0,4.0,APULL,28,Idle
50.91,0.261552,-0.919248,-1.055538,0.010974,0.848612,-0.528901,0.019071,0.045751,0.066667,0.753643,-0.421489,-0.240617,0.443253,83.0,3.0,4.0,APULL,28,Idle
50.92,-0.338352,-0.946914,-0.978773,-0.003162,0.849191,-0.528076,0.017978,0.038336,-0.003937,0.754643,-0.418462,-0.246681,0.44108,83.0,3.0,4.0,APULL,28,Idle
50.93,-0.302968,-0.973066,-0.656509,-0.014878,0.850798,-0.525283,0.061112,-0.198957,-0.063371,0.75454,-0.416591,-0.252607,0.439671,83.0,3.0,4.0,APULL,28,Idle
50.94,-0.429804,-1.022064,-0.866415,-0.026409,0.852511,-0.522042,0.06445,-0.133792,-0.063438,0.754153,-0.4148,-0.258689,0.438491,83.0,3.0,4.0,APULL,28,Idle
50.95,-0.531446,-0.919326,-1.067176,-0.039865,0.854666,-0.517645,-0.005896,-0.05593,0.077322,0.754034,-0.413179,-0.265444,0.436183,83.0,3.0,4.0,APULL,28,Idle
50.96,-0.731179,-0.80827,-1.079831,-0.053594,0.857301,-0.512018,-0.046458,-0.148561,0.21496,0.753966,-0.412143,-0.272267,0.433063,83.0,3.0,4.0,APULL,28,Idle
50.97,-1.159828,-0.662656,-1.052738,-0.066505,0.861445,-0.503478,-0.038643,-0.260096,0.314422,0.753305,-0.412631,-0.279278,0.429268,83.0,3.0,4.0,APULL,28,Idle
50.98,-1.548989,-0.54223,-1.11391,-0.07883,0.867431,-0.491273,-0.007093,-0.290222,0.290894,0.751945,-0.414945,-0.286679,0.424519,83.0,3.0,4.0,APULL,28,Idle
50.99,-1.882321,-0.494736,-1.202697,-0.091436,0.874758,-0.475854,0.03208,-0.198916,0.218469,0.750057,-0.418626,-0.294661,0.418738,83.0,3.0,4.0,APULL,28,Idle
51.0,-2.208186,-0.429566,-1.242959,-0.104459,0.883118,-0.457373,0.057996,-0.066087,0.170004,0.747597,-0.423484,-0.303274,0.412051,83.0,3.0,4.0,APULL,28,Idle
51.01,-2.510017,-0.298959,-1.219595,-0.117057,0.892279,-0.436045,0.053321,-0.033332,0.106653,0.744532,-0.429631,-0.312081,0.404593,83.0,3.0,4.0,APULL,28,Idle
51.02,-2.942255,-0.203474,-1.232798,-0.129109,0.902295,-0.411333,0.02657,-0.106915,0.018328,0.740698,-0.437292,-0.321106,0.396275,83.0,3.0,4.0,APULL,28,Idle
51.03,-3.390213,-0.178886,-1.271539,-0.141234,0.91322,-0.382207,0.009947,-0.24284,-0.104106,0.73583,-0.446632,-0.330782,0.386856,83.0,3.0,4.0,APULL,28,Idle
51.04,-3.61491,-0.294592,-1.287632,-0.153907,0.92423,-0.349446,0.034552,-0.36089,-0.214412,0.729929,-0.456958,-0.341272,0.376732,83.0,3.0,4.0,APULL,28,Idle
51.05,-3.58615,-0.40349,-1.220275,-0.166815,0.934234,-0.315244,0.073599,-0.389007,-0.202257,0.723293,-0.467254,-0.352209,0.366701,83.0,3.0,4.0,APULL,28,Idle
51.06,-3.464091,-0.383966,-1.107364,-0.178999,0.942764,-0.281346,0.104368,-0.328003,-0.081798,0.716335,-0.477162,-0.362827,0.357124,83.0,3.0,4.0,APULL,28,Idle
51.07,-3.334118,-0.349139,-1.020735,-0.190021,0.949822,-0.248457,0.130252,-0.256096,-0.004686,0.70934,-0.486704,-0.37268,0.347945,83.0,3.0,4.0,APULL,28,Idle
51.08,-3.222187,-0.384503,-0.922596,-0.200179,0.955548,-0.216465,0.148757,-0.265515,0.021778,0.702267,-0.495822,-0.382006,0.339195,83.0,3.0,4.0,APULL,28,Idle
51.09,-3.137175,-0.43,-0.757083,-0.209074,0.960209,-0.185169,0.154158,-0.379184,0.037708,0.694941,-0.504619,-0.390864,0.331122,83.0,3.0,4.0,APULL,28,Idle
51.1,-3.16295,-0.46918,-0.592507,-0.216365,0.964102,-0.153928,0.152308,-0.485449,0.069105,0.687149,-0.513413,-0.399304,0.323714,83.0,3.0,4.0,APULL,28,Idle
51.11,-3.230439,-0.48237,-0.385621,-0.22178,0.967444,-0.121928,0.160745,-0.556753,0.101939,0.67867,-0.522593,-0.407348,0.316815,83.0,3.0,4.0,APULL,28,Idle
51.12,-3.280004,-0.485175,-0.172659,-0.224965,0.970275,-0.089206,0.183415,-0.581954,0.140293,0.669501,-0.53228,-0.414819,0.310437,83.0,3.0,4.0,APULL,28,Idle
51.13,-3.193931,-0.425417,0.022478,-0.226061,0.972468,-0.05659,0.225435,-0.552714,0.180217,0.65993,-0.542216,-0.421553,0.304611,83.0,3.0,4.0,APULL,28,Idle
51.14,-2.830675,-0.341545,0.246702,-0.224914,0.974029,-0.026123,0.274459,-0.501815,0.19809,0.650589,-0.551878,-0.427046,0.299658,83.0,3.0,4.0,APULL,28,Idle
51.15,-2.145446,-0.250192,0.47158,-0.22143,0.975176,-0.001016,0.350382,-0.411699,0.192392,0.642445,-0.560326,-0.430728,0.296264,83.0,3.0,4.0,APULL,28,Idle
51.16,-1.29818,-0.225556,0.683634,-0.215761,0.976309,0.016391,0.436312,-0.296209,0.18826,0.636203,-0.566762,-0.432408,0.295043,83.0,3.0,4.0,APULL,28,Idle
51.17,-0.406346,-0.261518,0.892907,-0.207979,0.977807,0.025286,0.515092,-0.195,0.192351,0.632074,-0.57084,-0.432186,0.296378,83.0,3.0,4.0,APULL,28,Idle
51.18,0.577779,-0.345023,1.068023,-0.198223,0.979836,0.025079,0.573101,-0.127861,0.204978,0.630182,-0.572249,-0.430198,0.300553,83.0,3.0,4.0,APULL,28,Idle
51.19,1.5134,-0.387322,1.141939,-0.187213,0.982196,0.015583,0.604205,-0.037707,0.245373,0.630664,-0.570788,-0.426606,0.307362,83.0,3.0,4.0,APULL,28,Idle
51.2,1.418325,-0.621123,0.992867,-0.176631,0.984276,0.001541,0.594615,0.14904,0.313583,0.63229,-0.567524,-0.422714,0.315339,83.0,3.0,4.0,APULL,28,Idle
51.21,1.571038,-0.587228,1.166848,-0.16621,0.986018,-0.011986,0.525188,0.124685,0.262734,0.633443,-0.564033,-0.419373,0.32364,83.0,3.0,4.0,APULL,28,Idle
51.22,1.830525,-0.370853,1.451967,-0.153329,0.987778,-0.028019,0.450402,-0.139862,0.234424,0.635081,-0.560601,-0.414388,0.332689,83.0,3.0,4.0,APULL,28,Idle
51.23,1.960046,-0.262987,1.725354,-0.137732,0.989377,-0.046509,0.437918,-0.320767,0.112259,0.637119,-0.557254,-0.407693,0.342541,83.0,3.0,4.0,APULL,28,Idle
51.24,1.807425,-0.311373,2.006191,-0.119321,0.990726,-0.065,0.466764,-0.437625,0.177762,0.638583,-0.554481,-0.400063,0.353146,83.0,3.0,4.0,APULL,28,Idle
51.25,1.547955,-0.391959,2.138969,-0.098903,0.991774,-0.081255,0.450802,-0.47888,0.192812,0.63879,-0.55262,-0.392407,0.364109,83.0,3.0,4.0,APULL,28,Idle
51.26,1.436424,-0.47565,2.195852,-0.077743,0.992381,-0.095586,0.417709,-0.470561,0.151555,0.63802,-0.551298,-0.385068,0.375132,83.0,3.0,4.0,APULL,28,Idle
51.27,1.566627,-0.508692,2.310227,-0.0559,0.992356,-0.110022,0.387962,-0.44162,0.120841,0.63688,-0.549903,-0.377618,0.386517,83.0,3.0,4.0,APULL,28,Idle
51.28,1.820769,-0.482828,2.489852,-0.032649,0.991413,-0.126626,0.35554,-0.39127,0.102395,0.635885,-0.548015,-0.369278,0.398701,83.0,3.0,4.0,APULL,28,Idle
51.29,2.035675,-0.411427,2.695626,-0.007506,0.989296,-0.14573,0.325515,-0.321739,0.101404,0.635098,-0.545686,-0.359668,0.411722,83.0,3.0,4.0,APULL,28,Idle
51.3,2.141507,-0.351845,2.867256,0.019462,0.985856,-0.166462,0.308938,-0.285065,0.110173,0.634293,-0.54318,-0.348891,0.425328,83.0,3.0,4.0,APULL,28,Idle
51.31,2.199324,-0.317719,3.002872,0.047825,0.981006,-0.187989,0.297405,-0.296283,0.123597,0.633256,-0.540609,-0.337265,0.439297,83.0,3.0,4.0,APULL,28,Idle
51.32,2.187877,-0.287972,3.094045,0.07711,0.974715,-0.209725,0.293495,-0.309386,0.148538,0.631873,-0.538023,-0.325067,0.453431,83.0,3.0,4.0,APULL,28,Idle
51.33,2.064758,-0.251001,3.170064,0.106977,0.967126,-0.230699,0.295259,-0.266458,0.178957,0.629948,-0.535668,-0.312586,0.467456,83.0,3.0,4.0,APULL,28,Idle
51.34,1.871122,-0.209327,3.272753,0.137469,0.958446,-0.249969,0.30348,-0.191737,0.196731,0.627219,-0.53386,-0.300014,0.481229,83.0,3.0,4.0,APULL,28,Idle
51.35,1.67593,-0.15835,3.400235,0.168879,0.948728,-0.267198,0.312307,-0.131895,0.205431,0.62353,-0.532765,-0.287337,0.494783,83.0,3.0,4.0,APULL,28,Idle
51.36,1.448192,-0.107118,3.507246,0.201188,0.938005,-0.282258,0.308761,-0.082033,0.208329,0.618836,-0.532417,-0.274596,0.508106,83.0,3.0,4.0,APULL,28,Idle
51.37,1.113302,-0.022516,3.56365,0.234059,0.926569,-0.294424,0.294108,-0.04127,0.217749,0.613051,-0.533029,-0.262046,0.520942,83.0,3.0,4.0,APULL,28,Idle
51.38,0.704785,0.076504,3.596099,0.26717,0.914852,-0.302763,0.27354,-0.019634,0.225157,0.606063,-0.534905,-0.24999,0.532981,83.0,3.0,4.0,APULL,28,Idle
51.39,0.246486,0.151635,3.601806,0.300335,0.903157,-0.306769,0.265033,-0.003407,0.227011,0.597776,-0.538197,-0.238662,0.544103,83.0,3.0,4.0,APULL,28,Idle
51.4,-0.192418,0.169672,3.606545,0.333239,0.891645,-0.306465,0.275693,0.028918,0.220039,0.588114,-0.542789,-0.228358,0.554396,83.0,3.0,4.0,APULL,28,Idle
51.41,-0.489606,0.170399,3.636199,0.3659,0.88004,-0.302734,0.300222,0.068203,0.223006,0.577195,-0.548355,-0.218953,0.564104,83.0,3.0,4.0,APULL,28,Idle
51.42,-0.61342,0.142453,3.645224,0.398305,0.867761,-0.297227,0.329265,0.131674,0.239473,0.565431,-0.554326,-0.210022,0.573499,83.0,3.0,4.0,APULL,28,Idle
51.43,-0.658624,0.101013,3.597704,0.429958,0.854594,-0.291212,0.359226,0.252477,0.230986,0.553271,-0.560205,-0.201405,0.582664,83.0,3.0,4.0,APULL,28,Idle
51.44,-0.608637,0.081094,3.522319,0.460485,0.840542,-0.285383,0.371714,0.367344,0.209073,0.541081,-0.565744,-0.192983,0.591543,83.0,3.0,4.0,APULL,28,Idle
51.45,-0.504911,0.070616,3.450657,0.489836,0.825488,-0.280411,0.360261,0.415952,0.20079,0.529159,-0.570751,-0.184493,0.600163,83.0,3.0,4.0,APULL,28,Idle
51.46,-0.460623,0.051979,3.351392,0.517893,0.80964,-0.276172,0.343954,0.446037,0.176715,0.517535,-0.575269,-0.17601,0.608476,83.0,3.0,4.0,APULL,28,Idle
51.47,-0.551092,0.0394,3.231625,0.544458,0.793481,-0.271945,0.336249,0.471839,0.163486,0.506035,-0.579515,-0.167897,0.616362,83.0,3.0,4.0,APULL,28,Idle
51.48,-0.776653,0.029191,3.127062,0.569553,0.77752,-0.266593,0.350125,0.486808,0.155081,0.494286,-0.583879,-0.16059,0.623681,83.0,3.0,4.0,APULL,28,Idle
51.49,-1.063668,-0.007813,3.047826,0.5934,0.761954,-0.259426,0.384993,0.47503,0.149974,0.481909,-0.588607,-0.154367,0.630457,83.0,3.0,4.0,APULL,28,Idle
51.5,-1.396175,-0.10765,2.95444,0.615965,0.746892,-0.250477,0.433229,0.467829,0.144077,0.468706,-0.593644,-0.149493,0.636831,83.0,3.0,4.0,APULL,28,Idle
51.51,-1.767988,-0.251498,2.860166,0.637084,0.732525,-0.239856,0.474839,0.487842,0.142109,0.454523,-0.598891,-0.146292,0.642913,83.0,3.0,4.0,APULL,28,Idle
51.52,-2.120989,-0.404444,2.806298,0.656914,0.718717,-0.227838,0.486778,0.513888,0.155344,0.439255,-0.604251,-0.144783,0.648826,83.0,3.0,4.0,APULL,28,Idle
51.53,-2.394305,-0.528067,2.782643,0.675805,0.705074,-0.214844,0.466178,0.546925,0.178909,0.422915,-0.609627,-0.144683,0.654648,83.0,3.0,4.0,APULL,28,Idle
51.54,-2.588834,-0.581897,2.758067,0.69403,0.691249,-0.201239,0.421433,0.597234,0.216193,0.405727,-0.614974,-0.145558,0.660307,83.0,3.0,4.0,APULL,28,Idle
51.55,-2.697615,-0.550909,2.745173,0.711776,0.677027,-0.187109,0.377809,0.654501,0.262014,0.387972,-0.620356,-0.146983,0.665606,83.0,3.0,4.0,APULL,28,Idle
51.56,-2.693277,-0.475949,2.759492,0.729317,0.662031,-0.172663,0.359611,0.690097,0.300943,0.369944,-0.625814,-0.148412,0.670427,83.0,3.0,4.0,APULL,28,Idle
51.57,-2.612036,-0.416876,2.81209,0.746841,0.645832,-0.158523,0.36702,0.705364,0.32077,0.351855,-0.631205,-0.149395,0.674878,83.0,3.0,4.0,APULL,28,Idle
51.58,-2.475652,-0.362627,2.881736,0.764433,0.628138,-0.145205,0.378862,0.704488,0.324206,0.333809,-0.636395,-0.149661,0.679098,83.0,3.0,4.0,APULL,28,Idle
51.59,-2.314241,-0.291732,2.972563,0.78213,0.608778,-0.132901,0.381063,0.694109,0.315777,0.315899,-0.641366,-0.148996,0.683124,83.0,3.0,4.0,APULL,28,Idle
51.6,-2.132438,-0.195408,3.064228,0.79992,0.587678,-0.121503,0.372291,0.684645,0.301145,0.298181,-0.64619,-0.147266,0.686906,83.0,3.0,4.0,APULL,28,Idle
51.61,-1.947573,-0.063417,3.138377,0.817702,0.564889,-0.110744,0.356355,0.682701,0.28297,0.280742,-0.65098,-0.144404,0.69033,83.0,3.0,4.0,APULL,28,Idle
51.62,-1.767494,0.076359,3.196986,0.835284,0.540578,-0.100382,0.336103,0.689525,0.260828,0.26367,-0.655808,-0.140446,0.693303,83.0,3.0,4.0,APULL,28,Idle
51.63,-1.574457,0.216993,3.22518,0.852444,0.514965,-0.09028,0.310901,0.705082,0.223718,0.24706,-0.660689,-0.135464,0.695774,83.0,3.0,4.0,APULL,28,Idle
51.64,-1.343783,0.344645,3.234388,0.868938,0.488336,-0.080468,0.274388,0.721533,0.170907,0.231095,-0.665579,-0.129499,0.697731,83.0,3.0,4.0,APULL,28,Idle
51.65,-1.072493,0.450502,3.195994,0.884557,0.460969,-0.071175,0.230067,0.745345,0.08204,0.216024,-0.670374,-0.122517,0.699229,83.0,3.0,4.0,APULL,28,Idle
51.66,-0.719651,0.527738,3.121858,0.899074,0.433284,-0.062697,0.180928,0.775777,-0.032044,0.202188,-0.67494,-0.114484,0.700335,83.0,3.0,4.0,APULL,28,Idle
51.67,-0.327126,0.589605,3.011685,0.912316,0.405728,-0.055353,0.123176,0.804203,-0.141485,0.189928,-0.679133,-0.105367,0.701145,83.0,3.0,4.0,APULL,28,Idle
51.68,0.110257,0.62331,2.878107,0.924225,0.378655,-0.049277,0.049499,0.80857,-0.242379,0.179481,-0.682868,-0.095144,0.70173,83.0,3.0,4.0,APULL,28,Idle
51.69,0.567243,0.660995,2.702102,0.934775,0.352444,-0.044484,-0.025595,0.80582,-0.347865,0.171088,-0.686102,-0.083801,0.702119,83.0,3.0,4.0,APULL,28,Idle
51.7,1.030992,0.72068,2.491277,0.943927,0.327639,-0.040682,-0.107226,0.792952,-0.395979,0.164972,-0.688879,-0.071449,0.702229,83.0,3.0,4.0,APULL,28,Idle
51.71,1.398294,0.809677,2.243854,0.951738,0.304644,-0.037245,-0.196962,0.758131,-0.379366,0.161107,-0.691358,-0.058326,0.701902,83.0,3.0,4.0,APULL,28,Idle
51.72,1.680363,0.909548,1.986562,0.95828,0.283859,-0.033524,-0.270261,0.714005,-0.346679,0.159243,-0.693703,-0.044881,0.701002,83.0,3.0,4.0,APULL,28,Idle
51.73,1.919595,1.00134,1.738132,0.963708,0.265356,-0.029204,-0.32026,0.673487,-0.315126,0.159166,-0.696002,-0.031306,0.699477,83.0,3.0,4.0,APULL,28,Idle
51.74,2.098788,1.041826,1.478762,0.968133,0.249242,-0.024424,-0.350274,0.650828,-0.306554,0.160692,-0.698191,-0.017819,0.697417,83.0,3.0,4.0,APULL,28,Idle
51.75,2.207343,0.998488,1.1704,0.971588,0.235857,-0.019693,-0.363144,0.653838,-0.349753,0.163665,-0.700093,-0.004817,0.695025,83.0,3.0,4.0,APULL,28,Idle
51.76,2.301139,0.92948,0.866536,0.97411,0.225547,-0.015464,-0.365955,0.673455,-0.408226,0.168026,-0.701579,0.00738,0.692459,83.0,3.0,4.0,APULL,28,Idle
51.77,2.402146,0.881846,0.606017,0.975859,0.21808,-0.011842,-0.380064,0.641783,-0.407744,0.17372,-0.702654,0.018884,0.689741,83.0,3.0,4.0,APULL,28,Idle
51.78,2.388248,0.839544,0.366492,0.976991,0.213109,-0.008601,-0.409348,0.578944,-0.387197,0.180413,-0.703435,0.029635,0.686842,83.0,3.0,4.0,APULL,28,Idle
51.79,2.248086,0.80428,0.129006,0.977568,0.21055,-0.00544,-0.426909,0.527305,-0.372245,0.187617,-0.704089,0.039231,0.683755,83.0,3.0,4.0,APULL,28,Idle
51.8,2.082489,0.75222,-0.058499,0.977658,0.210188,-0.002414,-0.426938,0.464785,-0.353161,0.194989,-0.704656,0.047468,0.680578,83.0,3.0,4.0,APULL,28,Idle
51.81,1.89264,0.722609,-0.198821,0.977381,0.211485,0.000625,-0.410425,0.403719,-0.338057,0.20229,-0.705224,0.054505,0.677323,83.0,3.0,4.0,APULL,28,Idle
51.82,1.677242,0.705707,-0.299514,0.976824,0.214008,0.003825,-0.382449,0.377041,-0.321467,0.209252,-0.705879,0.060388,0.674019,83.0,3.0,4.0,APULL,28,Idle
51.83,1.466839,0.64657,-0.387752,0.976039,0.217483,0.007068,-0.339076,0.372391,-0.316165,0.215752,-0.706603,0.065164,0.670759,83.0,3.0,4.0,APULL,28,Idle
51.84,1.341213,0.560212,-0.425448,0.975077,0.221644,0.009914,-0.273432,0.379369,-0.346843,0.221879,-0.707241,0.069043,0.667692,83.0,3.0,4.0,APULL,28,Idle
51.85,1.285753,0.447141,-0.399166,0.974085,0.225869,0.011906,-0.199549,0.371406,-0.378208,0.227743,-0.707598,0.072509,0.664966,83.0,3.0,4.0,APULL,28,Idle
51.86,1.299941,0.315485,-0.364198,0.973158,0.229788,0.012685,-0.129454,0.3547,-0.393071,0.233448,-0.707521,0.075866,0.662691,83.0,3.0,4.0,APULL,28,Idle
51.87,1.360682,0.174317,-0.363927,0.97228,0.233514,0.011987,-0.067922,0.34458,-0.391656,0.239279,-0.706901,0.079273,0.660872,83.0,3.0,4.0,APULL,28,Idle
51.88,1.411977,0.017769,-0.38748,0.971375,0.237358,0.009625,-0.012222,0.350044,-0.385083,0.245412,-0.705679,0.082641,0.659515,83.0,3.0,4.0,APULL,28,Idle
51.89,1.463048,-0.129209,-0.39361,0.970425,0.241337,0.005603,0.048343,0.362056,-0.377078,0.251829,-0.703861,0.085913,0.65862,83.0,3.0,4.0,APULL,28,Idle
51.9,1.511971,-0.243979,-0.332556,0.969529,0.244979,0.000142,0.110489,0.349687,-0.347127,0.258366,-0.7015,0.08927,0.658161,83.0,3.0,4.0,APULL,28,Idle
51.91,1.506541,-0.340732,-0.22697,0.968817,0.247695,-0.006439,0.174448,0.308823,-0.302216,0.264752,-0.69868,0.092884,0.658123,83.0,3.0,4.0,APULL,28,Idle
51.92,1.385674,-0.427997,-0.122932,0.968324,0.249312,-0.013892,0.242599,0.258058,-0.270212,0.270616,-0.695514,0.096514,0.658569,83.0,3.0,4.0,APULL,28,Idle
51.93,1.172055,-0.403461,-0.043409,0.968042,0.249895,-0.02116,0.311942,0.206236,-0.234471,0.275566,-0.692417,0.099897,0.659275,83.0,3.0,4.0,APULL,28,Idle
51.94,0.842016,-0.508822,-0.121312,0.96773,0.250421,-0.028069,0.366193,0.167639,-0.205924,0.279582,-0.689557,0.102358,0.660203,83.0,3.0,4.0,APULL,28,Idle
51.95,0.341695,-0.657772,-0.280286,0.967027,0.252221,-0.035265,0.394271,0.155356,-0.172636,0.282628,-0.686876,0.102806,0.66163,83.0,3.0,4.0,APULL,28,Idle
51.96,-0.236336,-0.776939,-0.444296,0.965803,0.255777,-0.042457,0.370623,0.140738,-0.112893,0.284431,-0.684566,0.100702,0.663572,83.0,3.0,4.0,APULL,28,Idle
51.97,-0.792356,-0.821494,-0.594189,0.964079,0.261084,-0.048858,0.33658,0.138819,-0.108567,0.284788,-0.682898,0.09603,0.665826,83.0,3.0,4.0,APULL,28,Idle
51.98,-1.168461,-0.867416,-0.771181,0.961818,0.268227,-0.054412,0.292485,0.150184,-0.102234,0.284088,-0.681795,0.089158,0.668207,83.0,3.0,4.0,APULL,28,Idle
51.99,-1.291922,-0.906727,-0.989235,0.958875,0.277499,-0.05961,0.263827,0.184385,-0.133871,0.283188,-0.680947,0.080663,0.670529,83.0,3.0,4.0,APULL,28,Idle
52.0,-1.164053,-0.861545,-1.118233,0.955281,0.28854,-0.064675,0.23846,0.21378,-0.181755,0.282909,-0.680103,0.071576,0.672533,83.0,3.0,4.0,APULL,28,Idle
52.01,-0.905319,-0.704572,-1.145519,0.951358,0.300208,-0.069225,0.201611,0.211221,-0.23064,0.283514,-0.679275,0.063029,0.673968,83.0,3.0,4.0,APULL,28,Idle
52.02,-0.641593,-0.520322,-1.14443,0.947367,0.311769,-0.07277,0.155355,0.186171,-0.27806,0.285001,-0.678617,0.055617,0.674655,83.0,3.0,4.0,APULL,28,Idle
52.03,-0.440893,-0.38621,-1.211414,0.94323,0.323461,-0.075431,0.105232,0.147135,-0.322198,0.287338,-0.67814,0.049099,0.67465,83.0,3.0,4.0,APULL,28,Idle
52.04,-0.325791,-0.292718,-1.297243,0.938742,0.335797,-0.07748,0.053933,0.103961,-0.330128,0.29047,-0.677799,0.042995,0.674068,83.0,3.0,4.0,APULL,28,Idle
52.05,-0.273632,-0.222562,-1.343096,0.933917,0.348649,-0.079009,0.016995,0.056456,-0.306306,0.294057,-0.677587,0.037031,0.673079,83.0,3.0,4.0,APULL,28,Idle
52.06,-0.237442,-0.197037,-1.362872,0.92883,0.361725,-0.08019,-0.011059,0.031723,-0.264308,0.297884,-0.677447,0.031165,0.671833,83.0,3.0,4.0,APULL,28,Idle
52.07,-0.148997,-0.191765,-1.347166,0.923562,0.374711,-0.0814,-0.03431,0.03955,-0.233084,0.301906,-0.677236,0.025513,0.670487,83.0,3.0,4.0,APULL,28,Idle
52.08,0.023078,-0.205555,-1.31506,0.918216,0.387259,-0.083129,-0.058535,0.068582,-0.201676,0.306263,-0.676772,0.020385,0.669154,83.0,3.0,4.0,APULL,28,Idle
52.09,0.253201,-0.223647,-1.281588,0.912821,0.399246,-0.085793,-0.083765,0.103699,-0.18354,0.311179,-0.675904,0.016027,0.66788,83.0,3.0,4.0,APULL,28,Idle
52.1,0.546939,-0.243915,-1.249581,0.907387,0.410615,-0.089689,-0.114495,0.108596,-0.158815,0.316848,-0.674534,0.012626,0.666672,83.0,3.0,4.0,APULL,28,Idle
52.11,0.857208,-0.243012,-1.2385,0.901899,0.421376,-0.094978,-0.147901,0.084285,-0.132576,0.323451,-0.67261,0.010321,0.665484,83.0,3.0,4.0,APULL,28,Idle
52.12,1.070814,-0.223388,-1.236286,0.896301,0.431707,-0.101362,-0.180084,0.055751,-0.112093,0.33092,-0.670253,0.008953,0.664209,83.0,3.0,4.0,APULL,28,Idle
52.13,1.201178,-0.208832,-1.247895,0.890564,0.441754,-0.108394,-0.199082,0.013325,-0.092274,0.33893,-0.667635,0.008154,0.662815,83.0,3.0,4.0,APULL,28,Idle
52.14,1.279335,-0.214728,-1.249008,0.884678,0.451558,-0.115932,-0.208866,-0.045476,-0.070912,0.347291,-0.664812,0.007718,0.661328,83.0,3.0,4.0,APULL,28,Idle
52.15,1.275511,-0.261048,-1.246679,0.878635,0.461122,-0.123966,-0.212817,-0.104738,-0.044842,0.355729,-0.661788,0.007358,0.659879,83.0,3.0,4.0,APULL,28,Idle
52.16,1.222844,-0.28033,-1.257026,0.872391,0.470568,-0.132284,-0.219117,-0.150423,-0.019098,0.364055,-0.658644,0.006831,0.658488,83.0,3.0,4.0,APULL,28,Idle
52.17,1.167184,-0.259673,-1.249733,0.866003,0.479924,-0.1404,-0.234441,-0.181615,-0.002025,0.372161,-0.655563,0.006107,0.657036,83.0,3.0,4.0,APULL,28,Idle
52.18,1.172439,-0.242643,-1.20681,0.859636,0.488926,-0.14825,-0.24875,-0.198581,0.008403,0.380055,-0.652568,0.005414,0.655503,83.0,3.0,4.0,APULL,28,Idle
52.19,1.210091,-0.295934,-1.135043,0.853406,0.497211,-0.156461,-0.248166,-0.190127,0.033459,0.387814,-0.649419,0.004967,0.654088,83.0,3.0,4.0,APULL,28,Idle
52.2,1.31221,-0.36599,-1.012895,0.84744,0.504391,-0.165637,-0.238797,-0.170208,0.047397,0.395439,-0.645877,0.004914,0.653029,83.0,3.0,4.0,APULL,28,Idle
52.21,1.513157,-0.408092,-0.889837,0.841909,0.510077,-0.176102,-0.22527,-0.173102,0.032242,0.403111,-0.641808,0.005643,0.652344,83.0,3.0,4.0,APULL,28,Idle
52.22,1.829916,-0.428193,-0.741395,0.836929,0.51394,-0.18819,-0.211471,-0.190149,0.032368,0.411143,-0.637061,0.007597,0.651964,83.0,3.0,4.0,APULL,28,Idle
52.23,2.172853,-0.438092,-0.599248,0.832624,0.515614,-0.202187,-0.185895,-0.212087,0.060189,0.419719,-0.631493,0.01111,0.651866,83.0,3.0,4.0,APULL,28,Idle
52.24,2.312859,-0.462032,-0.523813,0.82877,0.515529,-0.217646,-0.152501,-0.226894,0.067774,0.428725,-0.625242,0.015787,0.651934,83.0,3.0,4.0,APULL,28,Idle
52.25,2.109331,-0.483431,-0.430743,0.825229,0.514471,-0.233058,-0.129566,-0.258261,0.102839,0.437265,-0.61891,0.020535,0.652172,83.0,3.0,4.0,APULL,28,Idle
52.26,1.80415,-0.488006,-0.362857,0.822005,0.513019,-0.247223,-0.124129,-0.290455,0.124511,0.444679,-0.61301,0.024645,0.652589,83.0,3.0,4.0,APULL,28,Idle
52.27,1.374706,-0.456302,-0.305453,0.819072,0.51173,-0.259332,-0.123744,-0.302853,0.185404,0.450726,-0.607916,0.027774,0.653079,83.0,3.0,4.0,APULL,28,Idle
52.28,0.926626,-0.409562,-0.281421,0.816417,0.511105,-0.268765,-0.109035,-0.273617,0.221127,0.455211,-0.603937,0.029631,0.653579,83.0,3.0,4.0,APULL,28,Idle
52.29,0.605848,-0.375573,-0.28089,0.813878,0.51137,-0.27587,-0.079915,-0.187593,0.211341,0.458497,-0.600952,0.030352,0.654,83.0,3.0,4.0,APULL,28,Idle
52.3,0.465134,-0.356577,-0.243455,0.811485,0.512083,-0.281538,-0.045387,-0.078917,0.185835,0.461003,-0.598586,0.030422,0.654405,83.0,3.0,4.0,APULL,28,Idle
52.31,0.490112,-0.345516,-0.167215,0.809427,0.512415,-0.286808,-0.005273,0.024892,0.170155,0.463127,-0.596376,0.030523,0.654918,83.0,3.0,4.0,APULL,28,Idle
52.32,0.659659,-0.287,-0.141166,0.807724,0.511962,-0.292365,0.014404,0.106294,0.153647,0.465373,-0.594007,0.031206,0.655447,83.0,3.0,4.0,APULL,28,Idle
52.33,0.826727,-0.160766,-0.197296,0.806202,0.511076,-0.298059,0.013912,0.17,0.13151,0.468171,-0.591528,0.032638,0.655626,83.0,3.0,4.0,APULL,28,Idle
52.34,0.925024,-0.004497,-0.300393,0.804669,0.510451,-0.303229,-0.000897,0.21187,0.11843,0.471609,-0.589227,0.034588,0.655133,83.0,3.0,4.0,APULL,28,Idle
52.35,1.068739,0.119635,-0.400847,0.803052,0.510245,-0.307828,-0.011639,0.223245,0.078962,0.475673,-0.587129,0.036943,0.653949,83.0,3.0,4.0,APULL,28,Idle
52.36,1.244412,0.248975,-0.505825,0.80129,0.510301,-0.312294,-0.008702,0.234694,0.035912,0.480528,-0.585035,0.039832,0.652104,83.0,3.0,4.0,APULL,28,Idle
52.37,1.33668,0.39429,-0.60734,0.799438,0.51069,-0.316376,-0.006988,0.25968,0.035904,0.486074,-0.583049,0.043199,0.649554,83.0,3.0,4.0,APULL,28,Idle
52.38,1.422907,0.54567,-0.704938,0.797572,0.511558,-0.319668,-0.003672,0.272988,0.011318,0.492116,-0.581349,0.046903,0.646263,83.0,3.0,4.0,APULL,28,Idle
52.39,1.552952,0.678571,-0.801941,0.795667,0.512799,-0.322414,0.017489,0.269183,-0.017414,0.498721,-0.579819,0.051021,0.64225,83.0,3.0,4.0,APULL,28,Idle
52.4,1.709639,0.775128,-0.893747,0.793651,0.514282,-0.325012,0.057439,0.266007,-0.060044,0.505971,-0.578275,0.055601,0.637573,83.0,3.0,4.0,APULL,28,Idle
52.41,1.881166,0.810811,-0.951965,0.791486,0.515761,-0.327933,0.116961,0.288942,-0.109124,0.513865,-0.576501,0.060664,0.632384,83.0,3.0,4.0,APULL,28,Idle
52.42,2.077669,0.795315,-0.98932,0.7891,0.516936,-0.331811,0.189721,0.338228,-0.14498,0.522379,-0.574208,0.066175,0.626917,83.0,3.0,4.0,APULL,28,Idle
52.43,2.231079,0.780529,-1.013696,0.786517,0.517624,-0.336835,0.255033,0.396775,-0.139834,0.531448,-0.571298,0.072116,0.621273,83.0,3.0,4.0,APULL,28,Idle
52.44,2.343653,0.700348,-1.043338,0.783719,0.517949,-0.342803,0.28667,0.440029,-0.114061,0.540867,-0.567869,0.078255,0.615519,83.0,3.0,4.0,APULL,28,Idle
52.45,2.557079,0.631901,-1.091985,0.780461,0.517791,-0.350391,0.311168,0.471742,-0.153058,0.550837,-0.563608,0.084563,0.609732,83.0,3.0,4.0,APULL,28,Idle
52.46,2.696592,0.577981,-1.132179,0.776795,0.517151,-0.359367,0.30693,0.501327,-0.086052,0.561362,-0.558588,0.091083,0.603785,83.0,3.0,4.0,APULL,28,Idle
52.47,2.829145,0.575057,-1.234131,0.772732,0.516259,-0.369273,0.283634,0.506232,-0.079,0.572362,-0.553005,0.097718,0.597527,83.0,3.0,4.0,APULL,28,Idle
52.48,3.046405,0.425698,-1.402324,0.767825,0.515466,-0.380447,0.27641,0.520392,-0.126878,0.584096,-0.546721,0.104272,0.590809,83.0,3.0,4.0,APULL,28,Idle
52.49,3.484385,0.201616,-1.654159,0.761035,0.514569,-0.395024,0.330441,0.592303,-0.2765,0.597329,-0.538762,0.110559,0.583704,83.0,3.0,4.0,APULL,28,Idle
52.5,3.918374,-0.012778,-1.910604,0.751854,0.513318,-0.413787,0.364433,0.72301,-0.282959,0.612505,-0.528685,0.116611,0.575961,83.0,3.0,4.0,APULL,28,Idle
52.51,4.226604,-0.036753,-2.214196,0.740999,0.511447,-0.435135,0.342757,0.856396,-0.321289,0.6292,-0.517074,0.122749,0.567164,83.0,3.0,4.0,APULL,28,Idle
52.52,4.360354,-0.021525,-2.539909,0.72871,0.509714,-0.457355,0.274372,0.898275,-0.290402,0.646918,-0.504741,0.128684,0.556933,83.0,3.0,4.0,APULL,28,Idle
52.53,4.403887,-0.100974,-2.951234,0.714438,0.508977,-0.480126,0.225534,0.834849,-0.301231,0.665486,-0.491982,0.133757,0.545153,83.0,3.0,4.0,APULL,28,Idle
52.54,4.467112,-0.331256,-3.360258,0.697241,0.509436,-0.504312,0.223536,0.732965,-0.317526,0.684938,-0.47853,0.137305,0.531993,83.0,3.0,4.0,APULL,28,Idle
52.55,4.40872,-0.517783,-3.68869,0.676936,0.510714,-0.530028,0.266225,0.68202,-0.257951,0.705036,-0.464352,0.13915,0.517628,83.0,3.0,4.0,APULL,28,Idle
52.56,4.225922,-0.650559,-3.961281,0.654148,0.512737,-0.55605,0.304791,0.621281,-0.17953,0.725105,-0.450068,0.139332,0.502242,83.0,3.0,4.0,APULL,28,Idle
52.57,4.123728,-0.83586,-4.269332,0.628705,0.515434,-0.582286,0.348239,0.541634,-0.169407,0.745051,-0.435747,0.137774,0.485842,83.0,3.0,4.0,APULL,28,Idle
52.58,4.115664,-1.006624,-4.491331,0.600464,0.5179,-0.609281,0.399964,0.492705,-0.145556,0.765011,-0.420968,0.134704,0.4684,83.0,3.0,4.0,APULL,28,Idle
52.59,4.106939,-1.124391,-4.608214,0.570121,0.518922,-0.636932,0.424401,0.486984,-0.133622,0.784709,-0.405565,0.13058,0.450219,83.0,3.0,4.0,APULL,28,Idle
52.6,4.10388,-1.159417,-4.668709,0.538522,0.517961,-0.664612,0.426901,0.512007,-0.086028,0.80387,-0.389693,0.125829,0.431393,83.0,3.0,4.0,APULL,28,Idle
52.61,4.122833,-1.228709,-4.70412,0.506149,0.514527,-0.692152,0.41922,0.460677,-0.030687,0.822373,-0.373305,0.120696,0.412042,83.0,3.0,4.0,APULL,28,Idle
52.62,4.060674,-1.313543,-4.751794,0.472905,0.508738,-0.719407,0.422282,0.406179,-0.003859,0.840146,-0.356466,0.115015,0.392249,83.0,3.0,4.0,APULL,28,Idle
52.63,3.926483,-1.373366,-4.74671,0.438986,0.501125,-0.745765,0.422128,0.353657,0.052696,0.856968,-0.339571,0.108668,0.372139,83.0,3.0,4.0,APULL,28,Idle
52.64,3.779005,-1.459591,-4.697576,0.404694,0.491819,-0.770932,0.427124,0.283586,0.079511,0.872683,-0.322794,0.101675,0.35198,83.0,3.0,4.0,APULL,28,Idle
52.65,3.599808,-1.556142,-4.615647,0.370156,0.48095,-0.794778,0.448081,0.22863,0.100411,0.887216,-0.306225,0.094009,0.332019,83.0,3.0,4.0,APULL,28,Idle
52.66,3.404333,-1.616617,-4.50698,0.335571,0.468793,-0.817084,0.466279,0.18674,0.133871,0.900535,-0.290019,0.085717,0.312375,83.0,3.0,4.0,APULL,28,Idle
52.67,3.212782,-1.656435,-4.372604,0.301405,0.455547,-0.837635,0.459246,0.143727,0.198124,0.912624,-0.274319,0.077016,0.293145,83.0,3.0,4.0,APULL,28,Idle
52.68,3.052771,-1.706632,-4.217858,0.267823,0.441235,-0.856494,0.419433,0.098667,0.256519,0.923523,-0.259095,0.067988,0.274505,83.0,3.0,4.0,APULL,28,Idle
52.69,2.939521,-1.734236,-4.080122,0.234869,0.425746,-0.873829,0.371561,0.077077,0.284977,0.933358,-0.244206,0.058725,0.256433,83.0,3.0,4.0,APULL,28,Idle
52.7,2.85362,-1.716251,-3.937941,0.202818,0.40896,-0.889729,0.334657,0.078635,0.342396,0.942237,-0.229547,0.049435,0.238858,83.0,3.0,4.0,APULL,28,Idle
52.71,2.777189,-1.688738,-3.796005,0.172003,0.390925,-0.904208,0.316355,0.075536,0.38132,0.950217,-0.215109,0.040298,0.221793,83.0,3.0,4.0,APULL,28,Idle
52.72,2.697126,-1.656671,-3.651204,0.142487,0.3718,-0.917313,0.312835,0.062984,0.416046,0.957355,-0.200901,0.031345,0.20525,83.0,3.0,4.0,APULL,28,Idle
52.73,2.606725,-1.595377,-3.481707,0.114485,0.351856,-0.929027,0.307863,0.030865,0.464885,0.963678,-0.187011,0.022663,0.18931,83.0,3.0,4.0,APULL,28,Idle
52.74,2.515569,-1.527835,-3.290332,0.088288,0.331321,-0.939378,0.298965,-0.001121,0.503358,0.969216,-0.173505,0.01438,0.174095,83.0,3.0,4.0,APULL,28,Idle
52.75,2.415131,-1.432916,-3.112173,0.063992,0.31043,-0.94844,0.280628,-0.0183,0.556961,0.974032,-0.160428,0.006557,0.159628,83.0,3.0,4.0,APULL,28,Idle
52.76,2.359585,-1.336193,-2.96318,0.041662,0.289257,-0.956344,0.251368,-0.015316,0.573746,0.978219,-0.14774,-0.000726,0.145808,83.0,3.0,4.0,APULL,28,Idle
52.77,2.333616,-1.233769,-2.796975,0.021234,0.267605,-0.963295,0.231451,-0.000134,0.572258,0.981867,-0.135267,-0.007456,0.13261,83.0,3.0,4.0,APULL,28,Idle
52.78,2.334979,-1.113889,-2.597368,0.002918,0.245374,-0.969424,0.228283,-0.006574,0.581851,0.98502,-0.122903,-0.013516,0.120201,83.0,3.0,4.0,APULL,28,Idle
52.79,2.325942,-0.998236,-2.384576,-0.013216,0.222521,-0.974838,0.228883,-0.030352,0.586563,0.987727,-0.110568,-0.018858,0.108697,83.0,3.0,4.0,APULL,28,Idle
52.8,2.218027,-0.910464,-2.204409,-0.027407,0.199759,-0.979462,0.21976,-0.045965,0.582901,0.990005,-0.098549,-0.023606,0.098083,83.0,3.0,4.0,APULL,28,Idle
52.81,2.218027,-0.910464,-2.204409,-0.027407,0.199759,-0.979462,0.21976,-0.045965,0.582901,0.990005,-0.098549,-0.023606,0.098083,83.0,3.0,4.0,APULL,28,Idle
52.82,2.059963,-0.838622,-2.046544,-0.040026,0.178006,-0.983215,0.210924,-0.05473,0.556656,0.99188,-0.087247,-0.027936,0.088211,83.0,3.0,4.0,APULL,28,Idle
52.83,1.906594,-0.749935,-1.876567,-0.051142,0.157535,-0.986188,0.209651,-0.070147,0.53137,0.993399,-0.076756,-0.03185,0.079069,83.0,3.0,4.0,APULL,28,Idle
52.84,1.729415,-0.681917,-1.701507,-0.060872,0.138524,-0.988487,0.21436,-0.072056,0.499259,0.994605,-0.067122,-0.035375,0.070736,83.0,3.0,4.0,APULL,28,Idle
52.85,1.512352,-0.616891,-1.553282,-0.069432,0.12139,-0.990174,0.213368,-0.060172,0.465576,0.995541,-0.05852,-0.038582,0.063131,83.0,3.0,4.0,APULL,28,Idle
52.86,1.321068,-0.549681,-1.398776,-0.076902,0.10628,-0.991358,0.210477,-0.064532,0.454264,0.996253,-0.051,-0.041473,0.056211,83.0,3.0,4.0,APULL,28,Idle
52.87,1.179461,-0.479976,-1.244485,-0.083332,0.09281,-0.992191,0.214908,-0.094504,0.443805,0.996793,-0.044346,-0.044024,0.049996,83.0,3.0,4.0,APULL,28,Idle
52.88,1.031246,-0.412198,-1.095431,-0.0888,0.080801,-0.992767,0.212503,-0.109045,0.450439,0.997197,-0.038449,-0.046242,0.044522,83.0,3.0,4.0,APULL,28,Idle
52.89,0.923334,-0.325008,-0.969655,-0.093229,0.070172,-0.993169,0.193448,-0.112775,0.459142,0.997503,-0.033264,-0.048053,0.039654,83.0,3.0,4.0,APULL,28,Idle
52.9,0.872005,-0.236944,-0.82039,-0.096614,0.06038,-0.993489,0.180736,-0.126741,0.460789,0.997742,-0.028503,-0.049428,0.035429,83.0,3.0,4.0,APULL,28,Idle
52.91,0.817763,-0.131871,-0.677565,-0.098857,0.051223,-0.993782,0.172694,-0.120422,0.454445,0.997934,-0.024055,-0.0503,0.031926,83.0,3.0,4.0,APULL,28,Idle
52.92,0.773053,-0.029096,-0.557785,-0.099943,0.042697,-0.994077,0.155729,-0.105182,0.458081,0.998095,-0.019915,-0.050646,0.029053,83.0,3.0,4.0,APULL,28,Idle
52.93,0.750932,0.054351,-0.433917,-0.09996,0.034644,-0.994388,0.141113,-0.100135,0.424869,0.998237,-0.015999,-0.050497,0.026761,83.0,3.0,4.0,APULL,28,Idle
52.94,0.752326,0.13565,-0.306028,-0.099116,0.02682,-0.994714,0.139857,-0.100627,0.398294,0.998362,-0.012176,-0.049945,0.025095,83.0,3.0,4.0,APULL,28,Idle
52.95,0.712219,0.205642,-0.223313,-0.097439,0.019238,-0.995056,0.140835,-0.076459,0.364089,0.998476,-0.008458,-0.048997,0.023963,83.0,3.0,4.0,APULL,28,Idle
52.96,0.66059,0.272862,-0.170114,-0.095079,0.012193,-0.995395,0.137484,-0.022904,0.327243,0.99858,-0.004999,-0.047723,0.023142,83.0,3.0,4.0,APULL,28,Idle
52.97,0.62774,0.329103,-0.108319,-0.092096,0.005665,-0.995734,0.138192,0.020992,0.292411,0.998677,-0.001792,-0.046149,0.0226,83.0,3.0,4.0,APULL,28,Idle
52.98,0.584914,0.393267,-0.064007,-0.088466,-0.00048,-0.996079,0.1403,0.052192,0.259797,0.99877,0.001229,-0.04426,0.022322,83.0,3.0,4.0,APULL,28,Idle
52.99,0.509489,0.467146,-0.074975,-0.084138,-0.005997,-0.996436,0.133775,0.072953,0.242194,0.998864,0.003932,-0.04203,0.022109,83.0,3.0,4.0,APULL,28,Idle
53.0,0.425019,0.523148,-0.075551,-0.079179,-0.010729,-0.996803,0.115312,0.064455,0.202613,0.998962,0.006233,-0.039495,0.021829,83.0,3.0,4.0,APULL,28,Idle
53.01,0.323909,0.559431,-0.048603,-0.073763,-0.014519,-0.99717,0.102953,0.044213,0.154809,0.999059,0.008061,-0.036742,0.021605,83.0,3.0,4.0,APULL,28,Idle
53.02,0.251504,0.581207,-0.017623,-0.068033,-0.017384,-0.997532,0.096994,0.028523,0.126941,0.999151,0.009428,-0.033842,0.021523,83.0,3.0,4.0,APULL,28,Idle
53.03,0.236956,0.618294,0.011687,-0.062014,-0.019807,-0.997879,0.088488,0.030458,0.115219,0.999236,0.010577,-0.030802,0.021599,83.0,3.0,4.0,APULL,28,Idle
53.04,0.270449,0.657085,0.017383,-0.055646,-0.022297,-0.998202,0.066235,0.048054,0.104815,0.999313,0.011757,-0.027586,0.021759,83.0,3.0,4.0,APULL,28,Idle
53.05,0.321408,0.707891,0.014096,-0.048825,-0.025253,-0.998488,0.047818,0.057311,0.106749,0.999382,0.013164,-0.024139,0.021914,83.0,3.0,4.0,APULL,28,Idle
53.06,0.338956,0.752726,0.02965,-0.041534,-0.028563,-0.998729,0.029846,0.049284,0.104213,0.999438,0.014742,-0.020453,0.022109,83.0,3.0,4.0,APULL,28,Idle
53.07,0.298306,0.78567,0.051686,-0.033851,-0.031767,-0.998922,0.017097,0.029798,0.096853,0.999479,0.016263,-0.01657,0.022413,83.0,3.0,4.0,APULL,28,Idle
53.08,0.218525,0.834389,0.059845,-0.025787,-0.034333,-0.999078,0.008133,0.019471,0.102197,0.99951,0.01746,-0.012502,0.022786,83.0,3.0,4.0,APULL,28,Idle
53.09,0.153841,0.867045,0.071962,-0.017305,-0.036163,-0.999196,0.00139,0.021606,0.093785,0.99953,0.018281,-0.008232,0.023209,83.0,3.0,4.0,APULL,28,Idle
53.1,0.128766,0.900691,0.086076,-0.008451,-0.037529,-0.99926,0.014127,0.029533,0.068001,0.999534,0.018863,-0.00378,0.023694,83.0,3.0,4.0,APULL,28,Idle
53.11,0.138221,0.930815,0.089238,0.000676,-0.03887,-0.999244,0.038692,0.051062,0.060249,0.999518,0.019425,0.000809,0.024217,83.0,3.0,4.0,APULL,28,Idle
53.12,0.139728,0.971991,0.076392,0.010182,-0.040238,-0.999138,0.060985,0.060379,0.057106,0.999479,0.019991,0.005588,0.024732,83.0,3.0,4.0,APULL,28,Idle
53.13,0.15348,0.974782,0.057389,0.019921,-0.041719,-0.998931,0.074714,0.040575,0.045867,0.999416,0.020608,0.010485,0.025164,83.0,3.0,4.0,APULL,28,Idle
53.14,0.148774,0.963514,0.058657,0.029628,-0.043244,-0.998625,0.083912,0.008927,0.019682,0.99933,0.021244,0.015367,0.025541,83.0,3.0,4.0,APULL,28,Idle
53.15,0.131789,0.949202,0.059317,0.039184,-0.044682,-0.998232,0.076188,-0.03567,-0.016111,0.999222,0.021835,0.020174,0.02593,83.0,3.0,4.0,APULL,28,Idle
53.16,0.122092,0.897944,0.098671,0.048391,-0.045994,-0.997769,0.048121,-0.066448,-0.036624,0.999093,0.022362,0.024808,0.026407,83.0,3.0,4.0,APULL,28,Idle
53.17,0.118264,0.874647,0.146341,0.057184,-0.047262,-0.997244,0.0203,-0.085078,-0.025217,0.998943,0.022862,0.029243,0.027109,83.0,3.0,4.0,APULL,28,Idle
53.18,0.107262,0.859564,0.165932,0.065789,-0.048501,-0.996654,0.004508,-0.0987,-0.012593,0.998772,0.02334,0.033589,0.027972,83.0,3.0,4.0,APULL,28,Idle
53.19,0.076814,0.842801,0.203752,0.074217,-0.049557,-0.99601,0.004183,-0.123112,-0.005226,0.998582,0.023715,0.037849,0.028977,83.0,3.0,4.0,APULL,28,Idle
53.2,0.049147,0.806167,0.246326,0.082345,-0.050366,-0.99533,0.006491,-0.124118,-0.009324,0.998375,0.023955,0.041964,0.030197,83.0,3.0,4.0,APULL,28,Idle
53.21,0.030024,0.755188,0.26885,0.090011,-0.05097,-0.994636,0.002396,-0.081217,-0.034219,0.998159,0.024082,0.04585,0.031571,83.0,3.0,4.0,APULL,28,Idle
53.22,0.021109,0.700248,0.284921,0.097127,-0.051462,-0.993941,0.007655,-0.019141,-0.061067,0.997937,0.024147,0.049463,0.033035,83.0,3.0,4.0,APULL,28,Idle
53.23,0.049914,0.63266,0.316965,0.1036,-0.052104,-0.993253,0.024956,0.026668,-0.087176,0.997712,0.024282,0.052761,0.034604,83.0,3.0,4.0,APULL,28,Idle
53.24,0.06972,0.562353,0.356681,0.109413,-0.053125,-0.992576,0.029168,0.031458,-0.102929,0.99748,0.024599,0.055741,0.036344,83.0,3.0,4.0,APULL,28,Idle
53.25,0.026988,0.483528,0.381345,0.114438,-0.054059,-0.991958,0.02611,0.020352,-0.097443,0.997254,0.024867,0.05833,0.038248,83.0,3.0,4.0,APULL,28,Idle
53.26,-0.447577,0.422503,0.495385,0.118346,-0.053053,-0.991554,0.022355,0.027296,-0.08178,0.997071,0.024164,0.060325,0.040338,83.0,3.0,4.0,APULL,28,Idle
53.27,-0.820014,0.390952,0.785839,0.121985,-0.04655,-0.99144,0.152337,0.105983,0.042526,0.99689,0.020612,0.062091,0.043924,83.0,3.0,4.0,APULL,28,Idle
53.28,0.012659,0.265875,0.348334,0.124978,-0.043297,-0.991214,0.142463,-0.025124,-0.000103,0.99667,0.01869,0.063588,0.047495,83.0,3.0,4.0,APULL,28,Idle
53.29,-0.357253,0.320712,0.281853,0.128016,-0.042598,-0.990857,-0.208857,0.057551,0.000714,0.99652,0.018187,0.065121,0.048752,83.0,3.0,4.0,APULL,28,Idle
53.3,-0.406824,0.309988,0.700147,0.130973,-0.038763,-0.990628,-0.015326,0.201116,0.092221,0.996329,0.016019,0.066554,0.051404,83.0,3.0,4.0,APULL,28,Idle
53.31,-0.166396,0.322623,0.699149,0.133945,-0.037047,-0.990296,0.090649,0.065077,0.036484,0.996044,0.014826,0.06806,0.055185,83.0,3.0,4.0,APULL,28,Idle
53.32,-0.121394,0.305775,0.435287,0.136925,-0.036422,-0.989912,0.003577,0.109572,0.024625,0.995786,0.014234,0.069582,0.058015,83.0,3.0,4.0,APULL,28,Idle
53.33,-0.108684,0.286674,0.437988,0.139732,-0.035815,-0.989541,-0.015052,0.136798,0.003976,0.995567,0.013697,0.071005,0.060149,83.0,3.0,4.0,APULL,28,Idle
53.34,-0.108143,0.272068,0.55417,0.142342,-0.035478,-0.989182,0.015465,0.079042,-0.009033,0.995321,0.013268,0.072341,0.062659,83.0,3.0,4.0,APULL,28,Idle
53.35,-0.10462,0.23266,0.496737,0.144571,-0.035144,-0.98887,0.025274,0.045245,-0.027594,0.995068,0.01283,0.073487,0.065385,83.0,3.0,4.0,APULL,28,Idle
53.36,-0.118206,0.18549,0.443429,0.146469,-0.034718,-0.988606,-0.003281,0.053624,-0.03622,0.994841,0.012376,0.074458,0.06778,83.0,3.0,4.0,APULL,28,Idle
53.37,-0.137428,0.167793,0.463226,0.148036,-0.03412,-0.988393,-0.007243,0.053804,-0.032282,0.994628,0.01185,0.075253,0.070082,83.0,3.0,4.0,APULL,28,Idle
53.38,-0.161144,0.139619,0.471005,0.149405,-0.033321,-0.988214,-0.009421,0.042278,-0.034643,0.994411,0.011218,0.07594,0.072492,83.0,3.0,4.0,APULL,28,Idle
53.39,-0.193164,0.132766,0.496736,0.150604,-0.032287,-0.988067,-0.01384,0.030776,-0.029008,0.994189,0.010466,0.076532,0.074977,83.0,3.0,4.0,APULL,28,Idle
53.4,-0.229124,0.119197,0.516368,0.151715,-0.030999,-0.987938,-0.014111,0.026345,-0.013725,0.993958,0.00958,0.077066,0.077561,83.0,3.0,4.0,APULL,28,Idle
53.41,-0.304544,0.109866,0.541182,0.152689,-0.029155,-0.987844,0.004095,0.026363,0.000372,0.993714,0.008403,0.077507,0.080343,83.0,3.0,4.0,APULL,28,Idle
53.42,-0.344894,0.104982,0.478325,0.153599,-0.026731,-0.987772,0.002331,0.027327,0.006906,0.993476,0.006945,0.077884,0.08302,83.0,3.0,4.0,APULL,28,Idle
53.43,-0.380393,0.098934,0.513348,0.15451,-0.023927,-0.987702,-0.009551,0.025377,0.003922,0.993239,0.005303,0.078238,0.085594,83.0,3.0,4.0,APULL,28,Idle
53.44,-0.388015,0.09329,0.535987,0.155335,-0.02091,-0.987641,0.012847,0.037909,-0.000488,0.992979,0.003538,0.078532,0.088392,83.0,3.0,4.0,APULL,28,Idle
53.45,-0.349019,0.099145,0.452845,0.156204,-0.018022,-0.98756,-0.007813,0.056886,-0.006595,0.992724,0.00185,0.078844,0.090996,83.0,3.0,4.0,APULL,28,Idle
53.46,-0.305161,0.103222,0.377834,0.157166,-0.015433,-0.987452,-0.026017,0.072531,-0.00942,0.992493,0.000337,0.079209,0.09319,83.0,3.0,4.0,APULL,28,Idle
53.47,-0.254827,0.12637,0.343189,0.158247,-0.013236,-0.987311,-0.023909,0.077796,-0.010782,0.992278,-0.000962,0.079647,0.095074,83.0,3.0,4.0,APULL,28,Idle
53.48,-0.241217,0.143822,0.331438,0.159537,-0.011403,-0.987126,-0.014335,0.072331,-0.003536,0.992061,-0.002082,0.080204,0.096838,83.0,3.0,4.0,APULL,28,Idle
53.49,0.012901,0.145698,0.253385,0.162053,-0.011433,-0.986716,-0.004338,0.021015,0.066992,0.991806,-0.002317,0.081466,0.098379,83.0,3.0,4.0,APULL,28,Idle
53.5,-0.152334,0.222035,0.213863,0.163631,-0.010746,-0.986463,0.079548,0.073978,0.016782,0.991626,-0.002836,0.082222,0.099551,83.0,3.0,4.0,APULL,28,Idle
53.51,-0.002677,0.235537,0.305945,0.165882,-0.01039,-0.986091,-0.042941,0.067092,0.026161,0.991397,-0.00324,0.083331,0.100889,83.0,3.0,4.0,APULL,28,Idle
53.52,0.047641,0.247113,0.329999,0.168243,-0.011242,-0.985681,-0.040695,0.023648,-0.000937,0.991132,-0.00307,0.084557,0.102465,83.0,3.0,4.0,APULL,28,Idle
53.53,-0.031448,0.225134,0.342041,0.170495,-0.011948,-0.985286,0.005531,0.025055,-0.020024,0.990856,-0.002982,0.085721,0.104155,83.0,3.0,4.0,APULL,28,Idle
53.54,-0.078819,0.22563,0.284995,0.172681,-0.011866,-0.984906,0.005969,0.017649,-0.034549,0.990594,-0.003275,0.086811,0.105718,83.0,3.0,4.0,APULL,28,Idle
53.55,-0.061465,0.203839,0.289302,0.174818,-0.011634,-0.984532,0.006044,0.023642,-0.051204,0.990346,-0.003633,0.087868,0.10715,83.0,3.0,4.0,APULL,28,Idle
53.56,-0.060704,0.144727,0.310695,0.176539,-0.011587,-0.984225,0.02355,0.02474,-0.069745,0.990106,-0.003885,0.088725,0.108644,83.0,3.0,4.0,APULL,28,Idle
53.57,-0.200462,0.109241,0.326248,0.177715,-0.010917,-0.984021,0.030918,-0.060707,-0.070605,0.989872,-0.004432,0.089273,0.110289,83.0,3.0,4.0,APULL,28,Idle
53.58,-0.272756,0.099534,0.233519,0.178769,-0.009034,-0.98385,0.006549,-0.043502,-0.048362,0.989658,-0.005569,0.089689,0.111809,83.0,3.0,4.0,APULL,28,Idle
53.59,-0.212627,0.090196,0.115877,0.179698,-0.006855,-0.983698,-0.005092,0.031086,-0.037725,0.989509,-0.006798,0.090027,0.112786,83.0,3.0,4.0,APULL,28,Idle
53.6,-0.088165,0.095335,0.047536,0.180615,-0.005543,-0.983538,-0.01524,0.056446,-0.025815,0.989417,-0.007546,0.09041,0.113237,83.0,3.0,4.0,APULL,28,Idle
53.61,-0.013916,0.104122,-0.00095,0.18162,-0.005107,-0.983356,-0.024821,0.062145,-0.007581,0.989358,-0.007832,0.090889,0.113353,83.0,3.0,4.0,APULL,28,Idle
53.62,0.025329,0.107376,-0.019745,0.182672,-0.005128,-0.983161,-0.018182,0.052171,0.005057,0.989316,-0.007877,0.09142,0.113287,83.0,3.0,4.0,APULL,28,Idle
53.63,0.036922,0.112409,-0.028243,0.183774,-0.00539,-0.982954,-0.000974,0.040775,0.005201,0.989279,-0.007798,0.091991,0.113155,83.0,3.0,4.0,APULL,28,Idle
53.64,0.044545,0.105565,-0.046008,0.184813,-0.005686,-0.982757,0.009828,0.049067,0.003326,0.989253,-0.007691,0.092532,0.112949,83.0,3.0,4.0,APULL,28,Idle
53.65,0.095271,0.096577,-0.056404,0.185799,-0.006238,-0.982568,0.015373,0.059155,0.006433,0.98924,-0.007444,0.093062,0.112644,83.0,3.0,4.0,APULL,28,Idle
53.66,0.149808,0.102983,-0.055414,0.186787,-0.007351,-0.982373,0.014034,0.062756,0.006711,0.989229,-0.006914,0.093625,0.112307,83.0,3.0,4.0,APULL,28,Idle
53.67,0.194771,0.108846,-0.023656,0.187833,-0.008975,-0.98216,0.005878,0.058642,0.009305,0.989209,-0.006135,0.094246,0.112006,83.0,3.0,4.0,APULL,28,Idle
53.68,0.18931,0.105281,0.044634,0.188154,-0.009304,-0.982095,0.00548,0.036404,0.01185,0.989206,-0.005978,0.094428,0.111893,83.0,3.0,4.0,APULL,28,Idle
53.69,0.136543,0.10498,0.077706,0.188315,-0.009278,-0.982065,0.00097,0.017213,0.014291,0.989182,-0.006014,0.094506,0.112031,83.0,3.0,4.0,APULL,28,Idle
53.7,0.055504,0.095856,0.085962,0.188725,-0.00891,-0.98199,-0.003804,0.008971,0.0162,0.989131,-0.006248,0.09469,0.112318,83.0,3.0,4.0,APULL,28,Idle
53.71,-0.063228,0.096774,0.106873,0.189551,-0.007991,-0.981838,-0.008506,-0.004125,0.020062,0.989045,-0.006795,0.095051,0.112736,83.0,3.0,4.0,APULL,28,Idle
53.72,-0.176142,0.087247,0.124034,0.190562,-0.00588,-0.981658,-0.007914,-0.017313,0.021727,0.988931,-0.007964,0.095435,0.11333,83.0,3.0,4.0,APULL,28,Idle
53.73,-0.213087,0.084186,0.11914,0.191757,-0.002359,-0.98144,-0.009948,-0.017432,0.025248,0.988806,-0.00985,0.095829,0.113939,83.0,3.0,4.0,APULL,28,Idle
53.74,-0.166851,0.098069,0.111012,0.193096,0.001749,-0.981178,-0.008572,-0.001795,0.021645,0.988679,-0.01203,0.096261,0.114468,83.0,3.0,4.0,APULL,28,Idle
53.75,-0.072386,0.110328,0.117129,0.194169,0.00462,-0.980957,-0.003007,0.03194,0.015183,0.988562,-0.013577,0.096629,0.114993,83.0,3.0,4.0,APULL,28,Idle
53.76,-0.003586,0.117603,0.100804,0.195355,0.005605,-0.980716,0.006061,0.052775,0.01041,0.988441,-0.01419,0.097162,0.115512,83.0,3.0,4.0,APULL,28,Idle
53.77,0.011766,0.115992,0.075752,0.196357,0.005468,-0.980517,0.012032,0.043039,0.003222,0.988342,-0.014222,0.097668,0.115926,83.0,3.0,4.0,APULL,28,Idle
53.78,-0.019771,0.109166,0.040743,0.197092,0.005143,-0.980372,0.014517,0.025863,-0.003897,0.98827,-0.014133,0.098054,0.116221,83.0,3.0,4.0,APULL,28,Idle
53.79,-0.063862,0.114205,0.028226,0.197659,0.004808,-0.980259,0.020664,0.017958,-0.003658,0.988215,-0.014023,0.098356,0.116448,83.0,3.0,4.0,APULL,28,Idle
53.8,-0.077367,0.106758,0.038982,0.198281,0.004341,-0.980136,0.026252,0.013451,-0.003812,0.988156,-0.013851,0.098693,0.116689,83.0,3.0,4.0,APULL,28,Idle
53.81,-0.095755,0.104095,0.023979,0.1988,0.004116,-0.980031,0.034034,0.020786,-0.002131,0.988099,-0.013795,0.098964,0.116941,83.0,3.0,4.0,APULL,28,Idle
53.82,-0.080924,0.110296,0.004309,0.199395,0.004758,-0.979908,0.038291,0.031573,-0.000241,0.988054,-0.014163,0.099225,0.117057,83.0,3.0,4.0,APULL,28,Idle
53.83,-0.048015,0.114145,-0.007044,0.200267,0.006845,-0.979717,0.04131,0.028799,0.006222,0.988013,-0.015252,0.099542,0.117005,83.0,3.0,4.0,APULL,28,Idle
53.84,-0.01726,0.123976,-0.016036,0.201569,0.009493,-0.979428,0.037826,0.014921,0.004544,0.98796,-0.016635,0.100046,0.116831,83.0,3.0,4.0,APULL,28,Idle
53.85,-0.000121,0.113252,-0.039028,0.20305,0.011344,-0.979103,0.030532,0.006753,0.003776,0.987903,-0.017627,0.100687,0.116612,83.0,3.0,4.0,APULL,28,Idle
53.86,-0.020482,0.12627,-0.05319,0.20453,0.012383,-0.978782,0.017806,0.007041,0.001258,0.987861,-0.018202,0.101379,0.116286,83.0,3.0,4.0,APULL,28,Idle
53.87,-0.044789,0.121957,-0.054996,0.206319,0.013306,-0.978394,0.025981,-0.008789,-0.004012,0.987794,-0.018743,0.102233,0.116018,83.0,3.0,4.0,APULL,28,Idle
53.88,-0.06798,0.128029,-0.047039,0.208415,0.014145,-0.977938,0.02065,-0.012848,-0.001615,0.98771,-0.019261,0.103247,0.115753,83.0,3.0,4.0,APULL,28,Idle
53.89,-0.087462,0.122035,-0.00594,0.210765,0.015465,-0.977414,0.024724,-0.015755,-0.002932,0.987592,-0.020048,0.104359,0.115626,83.0,3.0,4.0,APULL,28,Idle
53.9,-0.065885,0.113989,-0.009773,0.213126,0.017146,-0.976874,0.025384,-0.008525,-0.003411,0.987459,-0.021026,0.105455,0.11559,83.0,3.0,4.0,APULL,28,Idle
53.91,-0.034205,0.115714,-0.02698,0.215556,0.018442,-0.976317,0.014471,0.007299,0.002685,0.987332,-0.021808,0.10661,0.115477,83.0,3.0,4.0,APULL,28,Idle
53.92,0.00956,0.137259,-0.046753,0.217854,0.01889,-0.975799,-0.000355,0.008988,0.006606,0.987226,-0.022147,0.107751,0.115258,83.0,3.0,4.0,APULL,28,Idle
53.93,0.030061,0.145787,-0.033307,0.219918,0.018676,-0.97534,-0.001977,0.004212,0.009931,0.987135,-0.022141,0.108812,0.115043,83.0,3.0,4.0,APULL,28,Idle
53.94,0.033426,0.158372,-0.031094,0.221439,0.018451,-0.975,-0.00127,0.001736,0.015878,0.987072,-0.022098,0.109598,0.114841,83.0,3.0,4.0,APULL,28,Idle
53.95,0.018137,0.159973,-0.024681,0.223353,0.017689,-0.974577,9.7e-05,-0.01067,0.014525,0.986981,-0.021816,0.110614,0.114707,83.0,3.0,4.0,APULL,28,Idle
53.96,-0.001697,0.164704,-0.00758,0.225146,0.016992,-0.974177,-0.000872,-0.017373,0.011424,0.986886,-0.02157,0.111563,0.114653,83.0,3.0,4.0,APULL,28,Idle
53.97,-0.020047,0.162147,-0.012856,0.227068,0.016472,-0.97374,-0.001879,-0.01191,0.004349,0.986776,-0.021424,0.112566,0.11464,83.0,3.0,4.0,APULL,28,Idle
53.98,-0.033116,0.176841,0.02624,0.229101,0.016421,-0.973264,0.002054,-0.007983,0.000333,0.986653,-0.021524,0.113599,0.114665,83.0,3.0,4.0,APULL,28,Idle
53.99,-0.039719,0.176451,0.051401,0.230819,0.017018,-0.972848,0.01114,-0.013798,-0.002341,0.986525,-0.021948,0.114431,0.114859,83.0,3.0,4.0,APULL,28,Idle
54.0,-0.046392,0.172944,0.029464,0.232061,0.017736,-0.97254,0.008235,-0.005087,-0.000391,0.986426,-0.022403,0.115014,0.115039,83.0,3.0,4.0,APULL,28,Idle
54.01,-0.025262,0.153643,-0.002956,0.233237,0.018283,-0.972248,0.003839,-0.009677,5e-05,0.986342,-0.022758,0.115577,0.115127,83.0,3.0,4.0,APULL,28,Idle
54.02,0.033098,0.170511,-0.044795,0.234404,0.018405,-0.971965,-0.013076,0.008252,-0.006398,0.986292,-0.022868,0.116166,0.114935,83.0,3.0,4.0,APULL,28,Idle
54.03,0.036332,0.172854,0.025432,0.235768,0.017692,-0.971648,-0.0015,0.003045,-0.002931,0.986218,-0.022587,0.1169,0.11488,83.0,3.0,4.0,APULL,28,Idle
54.04,0.020483,0.168093,0.039798,0.237136,0.016744,-0.971332,0.014421,-0.007024,-0.004849,0.986118,-0.022215,0.117645,0.11505,83.0,3.0,4.0,APULL,28,Idle
54.05,-0.014212,0.161975,0.04774,0.238362,0.01622,-0.971041,0.020213,-0.024582,-0.012953,0.986019,-0.022054,0.118293,0.115268,83.0,3.0,4.0,APULL,28,Idle
54.06,-0.033571,0.150078,0.077135,0.239621,0.016082,-0.970733,0.023913,-0.028014,-0.015809,0.985904,-0.022099,0.118933,0.115584,83.0,3.0,4.0,APULL,28,Idle
54.07,-0.041858,0.135492,0.084009,0.241024,0.015854,-0.97039,0.02512,-0.01535,-0.018075,0.985766,-0.022123,0.119648,0.116018,83.0,3.0,4.0,APULL,28,Idle
54.08,-0.020347,0.119884,0.068208,0.242208,0.01588,-0.970095,0.021419,-0.007609,-0.018965,0.985645,-0.022256,0.120239,0.116408,83.0,3.0,4.0,APULL,28,Idle
54.09,-0.008861,0.11798,0.070494,0.243168,0.015642,-0.969858,0.023388,-0.000857,-0.016028,0.985549,-0.022234,0.120734,0.116718,83.0,3.0,4.0,APULL,28,Idle
54.1,-0.033218,0.112178,0.097021,0.243581,0.015961,-0.969749,0.036495,-0.016861,-0.006279,0.985471,-0.02247,0.120915,0.117137,83.0,3.0,4.0,APULL,28,Idle
54.11,-0.044627,0.112431,0.073816,0.244379,0.016275,-0.969543,0.033346,-0.018746,0.008179,0.985367,-0.02273,0.121292,0.117569,83.0,3.0,4.0,APULL,28,Idle
54.12,-0.046075,0.12293,0.057254,0.245649,0.016358,-0.969221,0.025408,-0.020585,0.014127,0.985244,-0.022894,0.121924,0.117916,83.0,3.0,4.0,APULL,28,Idle
54.13,-0.03493,0.127027,0.053118,0.247104,0.015904,-0.968858,0.019085,-0.012563,0.019914,0.985112,-0.022799,0.122682,0.118255,83.0,3.0,4.0,APULL,28,Idle
54.14,-0.005871,0.150112,0.063398,0.248721,0.01518,-0.968456,0.010877,-0.00044,0.023891,0.984971,-0.022578,0.12354,0.118574,83.0,3.0,4.0,APULL,28,Idle
54.15,0.024279,0.155663,0.089965,0.250534,0.014433,-0.968,0.015076,0.005739,0.018309,0.984808,-0.022368,0.124497,0.118967,83.0,3.0,4.0,APULL,28,Idle
54.16,0.014596,0.162673,0.08637,0.252285,0.013843,-0.967554,0.018421,0.010037,0.013544,0.984644,-0.022235,0.125414,0.119382,83.0,3.0,4.0,APULL,28,Idle
54.17,-0.002246,0.1545,0.063138,0.254041,0.013594,-0.967098,0.015002,0.002809,0.004802,0.984489,-0.022264,0.126315,0.119713,83.0,3.0,4.0,APULL,28,Idle
54.18,-0.006618,0.149906,0.055509,0.256112,0.013073,-0.966559,0.010031,-0.002926,0.003241,0.984316,-0.022172,0.127393,0.120009,83.0,3.0,4.0,APULL,28,Idle
54.19,-0.023973,0.131859,0.045119,0.258062,0.012651,-0.966045,0.010553,-0.006273,0.004238,0.984153,-0.02212,0.128406,0.120273,83.0,3.0,4.0,APULL,28,Idle
54.2,-0.034904,0.136159,0.0501,0.259764,0.012371,-0.965593,0.012728,0.002552,0.010957,0.984006,-0.022122,0.129283,0.120533,83.0,3.0,4.0,APULL,28,Idle
54.21,-0.03578,0.13725,0.061182,0.261352,0.012304,-0.965165,0.014496,0.000697,0.018846,0.983861,-0.022229,0.13009,0.120831,83.0,3.0,4.0,APULL,28,Idle
54.22,-0.057248,0.133993,0.0729,0.262765,0.012672,-0.964777,0.013511,0.000359,0.025766,0.983723,-0.022547,0.13078,0.121152,83.0,3.0,4.0,APULL,28,Idle
54.23,-0.041345,0.133301,0.090624,0.264236,0.013189,-0.964368,0.015092,-0.004445,0.029966,0.983569,-0.022955,0.131488,0.121555,83.0,3.0,4.0,APULL,28,Idle
54.24,-0.02679,0.137826,0.089246,0.26578,0.013603,-0.963938,0.01135,0.005302,0.03126,0.983406,-0.023321,0.13224,0.12199,83.0,3.0,4.0,APULL,28,Idle
54.25,0.003057,0.144832,0.084526,0.267227,0.013585,-0.963538,0.009583,0.005931,0.028739,0.983255,-0.023459,0.132969,0.122387,83.0,3.0,4.0,APULL,28,Idle
54.26,0.012324,0.135663,0.092071,0.268559,0.013176,-0.963173,0.007824,-0.001015,0.021645,0.98311,-0.023397,0.133664,0.122803,83.0,3.0,4.0,APULL,28,Idle
54.27,-0.019413,0.120621,0.100399,0.269806,0.012806,-0.96283,0.007538,-0.006229,0.019623,0.982965,-0.023357,0.134312,0.12327,83.0,3.0,4.0,APULL,28,Idle
54.28,-0.044181,0.105846,0.096949,0.270996,0.012919,-0.962494,0.011917,-0.007731,0.021042,0.982818,-0.02356,0.1349,0.12376,83.0,3.0,4.0,APULL,28,Idle
54.29,-0.050641,0.094076,0.09226,0.272089,0.013125,-0.962182,0.015264,-0.003741,0.023019,0.982677,-0.023802,0.135433,0.124249,83.0,3.0,4.0,APULL,28,Idle
54.3,-0.041999,0.085938,0.092887,0.273129,0.013316,-0.961885,0.014072,0.002477,0.026186,0.982541,-0.024032,0.135941,0.124723,83.0,3.0,4.0,APULL,28,Idle
54.31,-0.027379,0.083184,0.105324,0.274173,0.013321,-0.961588,0.015149,0.004685,0.029352,0.9824,-0.024176,0.136461,0.125239,83.0,3.0,4.0,APULL,28,Idle
54.32,-0.025184,0.076852,0.119422,0.275151,0.013349,-0.961308,0.015788,0.007083,0.029286,0.982259,-0.024331,0.136944,0.125784,83.0,3.0,4.0,APULL,28,Idle
54.33,-0.060984,0.069688,0.12603,0.276006,0.013496,-0.961061,0.020503,0.003411,0.025087,0.982117,-0.024549,0.137356,0.1264,83.0,3.0,4.0,APULL,28,Idle
54.34,-0.0967,0.057983,0.110903,0.276668,0.013908,-0.960865,0.027623,0.006005,0.023335,0.981987,-0.024887,0.137652,0.127022,83.0,3.0,4.0,APULL,28,Idle
54.35,-0.119434,0.050231,0.118695,0.277284,0.014542,-0.960678,0.035261,0.012329,0.023269,0.981858,-0.025334,0.13791,0.127644,83.0,3.0,4.0,APULL,28,Idle
54.36,-0.142186,0.039963,0.115306,0.277878,0.015312,-0.960494,0.044327,0.013711,0.02008,0.981723,-0.025856,0.138146,0.128326,83.0,3.0,4.0,APULL,28,Idle
54.37,0.001221,0.291793,0.130092,0.279056,0.015983,-0.960142,0.041196,0.022515,0.019926,0.98155,-0.026364,0.138687,0.128963,83.0,3.0,4.0,APULL,28,Idle
54.38,-0.029153,0.056345,0.127097,0.280632,0.015286,-0.959694,0.070061,-0.009412,0.064674,0.981359,-0.026205,0.139522,0.12954,83.0,3.0,4.0,APULL,28,Idle
54.39,0.114474,0.144402,0.151105,0.281998,0.014799,-0.959301,0.067352,0.093051,0.065075,0.981174,-0.026148,0.140235,0.130184,83.0,3.0,4.0,APULL,28,Idle
54.4,0.296391,0.122307,0.164653,0.283422,0.012277,-0.958917,-0.011007,0.048255,0.02842,0.980995,-0.025072,0.141114,0.130793,83.0,3.0,4.0,APULL,28,Idle
54.41,0.15771,0.087823,0.11734,0.284676,0.009673,-0.958575,0.027167,0.009538,0.035128,0.980841,-0.023928,0.141916,0.131296,83.0,3.0,4.0,APULL,28,Idle
54.42,0.066476,0.052399,0.133844,0.285738,0.008473,-0.95827,0.03633,0.000621,0.027591,0.980697,-0.023473,0.142527,0.131789,83.0,3.0,4.0,APULL,28,Idle
54.43,0.058474,-0.011439,0.123315,0.286411,0.00781,-0.958075,0.068844,0.024508,-0.008981,0.980566,-0.023276,0.142901,0.132391,83.0,3.0,4.0,APULL,28,Idle
54.44,0.002388,-0.019212,0.039483,0.286886,0.007631,-0.957934,0.070536,0.010313,-0.017285,0.980485,-0.023269,0.143148,0.13273,83.0,3.0,4.0,APULL,28,Idle
54.45,-0.065433,0.040531,0.032943,0.28763,0.008437,-0.957704,0.03111,-0.018478,-0.008543,0.980409,-0.023745,0.143471,0.132854,83.0,3.0,4.0,APULL,28,Idle
54.46,-0.064164,0.028937,0.074401,0.289319,0.008878,-0.957192,-0.009579,-0.010251,-0.001915,0.980238,-0.02413,0.144298,0.133155,83.0,3.0,4.0,APULL,28,Idle
54.47,-0.062106,0.009819,0.070842,0.290637,0.01087,-0.956772,0.046964,-0.023824,0.005508,0.980091,-0.025265,0.14483,0.133447,83.0,3.0,4.0,APULL,28,Idle
54.48,-0.088107,0.008072,0.016137,0.29052,0.012323,-0.956789,0.068458,-0.008416,0.023837,0.980068,-0.026014,0.144667,0.133645,83.0,3.0,4.0,APULL,28,Idle
54.49,-0.078738,0.007577,0.018951,0.291019,0.013196,-0.956626,0.051083,0.005847,0.035774,0.980011,-0.026505,0.14486,0.133763,83.0,3.0,4.0,APULL,28,Idle
54.5,-0.045589,0.020763,0.062905,0.291692,0.013585,-0.956416,0.038722,0.009883,0.043193,0.979922,-0.026785,0.145171,0.134016,83.0,3.0,4.0,APULL,28,Idle
54.51,0.007761,0.038197,0.091033,0.292769,0.01382,-0.956083,0.037096,0.017034,0.047545,0.979788,-0.027034,0.145696,0.134375,83.0,3.0,4.0,APULL,28,Idle
54.52,0.047073,0.045294,0.113619,0.293945,0.013255,-0.95573,0.043671,0.026845,0.041851,0.979633,-0.026907,0.146324,0.134847,83.0,3.0,4.0,APULL,28,Idle
54.53,0.062526,0.047738,0.124348,0.294709,0.011982,-0.955512,0.048614,0.037991,0.030402,0.979499,-0.02641,0.146787,0.135416,83.0,3.0,4.0,APULL,28,Idle
54.54,0.063593,0.047424,0.120503,0.294986,0.010772,-0.955441,0.052015,0.03447,0.01878,0.979402,-0.02591,0.146997,0.135988,83.0,3.0,4.0,APULL,28,Idle
54.55,0.034048,0.034313,0.110979,0.29626,0.009372,-0.955061,0.043324,0.033185,0.001189,0.979228,-0.025385,0.147733,0.136543,83.0,3.0,4.0,APULL,28,Idle
54.56,-0.015306,0.017939,0.107178,0.298243,0.008731,-0.95445,0.037817,0.026838,-0.008608,0.978999,-0.025289,0.14878,0.137064,83.0,3.0,4.0,APULL,28,Idle
54.57,-0.019134,0.008202,0.135085,0.29966,0.008863,-0.954005,0.033439,0.011004,-0.014516,0.978807,-0.025545,0.149483,0.137623,83.0,3.0,4.0,APULL,28,Idle
54.58,-0.090548,-0.011472,0.126547,0.300584,0.009315,-0.95371,0.02542,-0.003242,-0.018718,0.97864,-0.025939,0.149907,0.138271,83.0,3.0,4.0,APULL,28,Idle
54.59,-0.149832,-0.037981,0.105251,0.301294,0.010771,-0.95347,0.007437,-0.010435,-0.011984,0.978493,-0.026814,0.150153,0.138874,83.0,3.0,4.0,APULL,28,Idle
54.6,-0.162211,-0.054245,0.105479,0.301997,0.012852,-0.953222,0.005315,-0.016011,-0.004999,0.978349,-0.027997,0.15035,0.139441,83.0,3.0,4.0,APULL,28,Idle
54.61,-0.175826,-0.058138,0.099687,0.30267,0.015429,-0.952971,-0.005917,-0.013597,0.004576,0.978209,-0.029421,0.150496,0.139976,83.0,3.0,4.0,APULL,28,Idle
54.62,-0.146662,-0.071205,0.115535,0.303304,0.017651,-0.95273,-0.011953,-0.012783,0.013552,0.978066,-0.03067,0.150646,0.140539,83.0,3.0,4.0,APULL,28,Idle
54.63,-0.11627,-0.067362,0.122717,0.303524,0.019359,-0.952627,-0.011989,-0.013454,0.017004,0.977949,-0.03164,0.150616,0.14117,83.0,3.0,4.0,APULL,28,Idle
54.64,-0.085602,-0.056416,0.118085,0.303672,0.020446,-0.952557,-0.013572,-0.008056,0.015332,0.977841,-0.032292,0.150594,0.141792,83.0,3.0,4.0,APULL,28,Idle
54.65,-0.070618,-0.054238,0.14687,0.303808,0.02063,-0.95251,-0.010931,-0.01558,0.009929,0.977726,-0.032504,0.150627,0.142506,83.0,3.0,4.0,APULL,28,Idle
54.66,-0.06416,-0.054088,0.183214,0.303781,0.020102,-0.95253,-0.004968,-0.019049,0.001343,0.977596,-0.03238,0.150621,0.143428,83.0,3.0,4.0,APULL,28,Idle
54.67,-0.074876,-0.055201,0.200014,0.303402,0.019415,-0.952665,-0.002895,-0.01174,-0.009936,0.977474,-0.03217,0.150442,0.144492,83.0,3.0,4.0,APULL,28,Idle
54.68,-0.080929,-0.064989,0.195186,0.302975,0.018667,-0.952816,-0.000149,-0.000692,-0.020665,0.977347,-0.031932,0.150241,0.145603,83.0,3.0,4.0,APULL,28,Idle
54.69,-0.061737,-0.085812,0.174901,0.302211,0.018167,-0.953068,-0.001552,0.007361,-0.027965,0.977258,-0.03178,0.149853,0.146634,83.0,3.0,4.0,APULL,28,Idle
54.7,-0.038889,-0.093116,0.159759,0.301281,0.017681,-0.953371,-0.000485,0.015537,-0.030897,0.977199,-0.031602,0.149384,0.147542,83.0,3.0,4.0,APULL,28,Idle
54.71,-0.015983,-0.097461,0.145658,0.300341,0.01709,-0.953679,0.003751,0.018814,-0.025417,0.977155,-0.031353,0.148922,0.148347,83.0,3.0,4.0,APULL,28,Idle
